3.000000000000000000e+03 5.000000000000000000e-01 3.000000000000000000e+00 1.030126873717604680e+20 3.551138888126555750e+20
3.000000000000000000e+03 -0.000000000000000000e+00 3.000000000000000000e+00 1.579760353960754217e+20 4.693321468233470444e+20
3.000000000000000000e+03 5.000000000000000000e-01 3.500000000000000000e+00 1.379070478164819804e+20 4.291998315946176020e+20
3.000000000000000000e+03 -0.000000000000000000e+00 3.500000000000000000e+00 1.869219926586209403e+20 5.195043163008087491e+20
3.000000000000000000e+03 5.000000000000000000e-01 4.000000000000000000e+00 1.659087680883554714e+20 4.833514537439964692e+20
3.000000000000000000e+03 -0.000000000000000000e+00 4.000000000000000000e+00 2.031611357235810796e+20 5.454169381343119278e+20
3.000000000000000000e+03 5.000000000000000000e-01 4.500000000000000000e+00 1.819466645815133143e+20 5.129052133898507387e+20
3.000000000000000000e+03 -0.000000000000000000e+00 4.500000000000000000e+00 2.104359983080371651e+20 5.579737768236503532e+20
3.000000000000000000e+03 5.000000000000000000e-01 5.000000000000000000e+00 1.886693362879995904e+20 5.273055689874760008e+20
3.000000000000000000e+03 -0.000000000000000000e+00 5.000000000000000000e+00 2.119661159995045315e+20 5.637687529071059272e+20
3.000000000000000000e+03 5.000000000000000000e-01 5.500000000000000000e+00 1.889661121238914171e+20 5.328731679878356664e+20
3.000000000000000000e+03 -0.000000000000000000e+00 5.500000000000000000e+00 2.097603850551221289e+20 5.657755821045157069e+20
3.000000000000000000e+03 5.000000000000000000e-01 6.000000000000000000e+00 1.842225763661681459e+20 5.314644252805681644e+20
3.000000000000000000e+03 -0.000000000000000000e+00 6.000000000000000000e+00 2.054161045730365604e+20 5.663800227116465521e+20
3.100000000000000000e+03 5.000000000000000000e-01 3.000000000000000000e+00 1.199625921152949780e+20 4.125607288307504251e+20
3.100000000000000000e+03 -0.000000000000000000e+00 3.000000000000000000e+00 1.963650613109516861e+20 5.617231348189802660e+20
3.100000000000000000e+03 5.000000000000000000e-01 3.500000000000000000e+00 1.667233449026464645e+20 5.064074616379594506e+20
3.100000000000000000e+03 -0.000000000000000000e+00 3.500000000000000000e+00 2.363664306201854935e+20 6.269227059577974948e+20
3.100000000000000000e+03 5.000000000000000000e-01 4.000000000000000000e+00 2.066657157762472018e+20 5.798023788319054234e+20
3.100000000000000000e+03 -0.000000000000000000e+00 4.000000000000000000e+00 2.618406653442088305e+20 6.643265411427323085e+20
3.100000000000000000e+03 5.000000000000000000e-01 4.500000000000000000e+00 2.331405418693180457e+20 6.243470990532973691e+20
3.100000000000000000e+03 -0.000000000000000000e+00 4.500000000000000000e+00 2.750249333088621691e+20 6.826289878468189225e+20
3.100000000000000000e+03 5.000000000000000000e-01 5.000000000000000000e+00 2.470528984975119483e+20 6.479050723950048051e+20
3.100000000000000000e+03 -0.000000000000000000e+00 5.000000000000000000e+00 2.802017876800427459e+20 6.917366256677346345e+20
3.100000000000000000e+03 5.000000000000000000e-01 5.500000000000000000e+00 2.513311821319817789e+20 6.584320936827609416e+20
3.100000000000000000e+03 -0.000000000000000000e+00 5.500000000000000000e+00 2.801703880293590630e+20 6.969806539222560276e+20
3.100000000000000000e+03 5.000000000000000000e-01 6.000000000000000000e+00 2.489396300843956961e+20 6.620667057384288420e+20
3.100000000000000000e+03 -0.000000000000000000e+00 6.000000000000000000e+00 2.757107927475396936e+20 6.981443501533309174e+20
3.200000000000000000e+03 5.000000000000000000e-01 3.000000000000000000e+00 1.569924072347220378e+20 5.077079510915176202e+20
3.200000000000000000e+03 -0.000000000000000000e+00 3.000000000000000000e+00 2.414296313669891195e+20 6.646016262518373089e+20
3.200000000000000000e+03 5.000000000000000000e-01 3.500000000000000000e+00 1.991123202110036378e+20 5.925537754312624046e+20
3.200000000000000000e+03 -0.000000000000000000e+00 3.500000000000000000e+00 2.949638961169857249e+20 7.470273986111828132e+20
3.200000000000000000e+03 5.000000000000000000e-01 4.000000000000000000e+00 2.522640620361089024e+20 6.857654659242730455e+20
3.200000000000000000e+03 -0.000000000000000000e+00 4.000000000000000000e+00 3.315448998739901809e+20 7.984025433732598989e+20
3.200000000000000000e+03 5.000000000000000000e-01 4.500000000000000000e+00 2.915489927175671316e+20 7.479175889441990902e+20
3.200000000000000000e+03 -0.000000000000000000e+00 4.500000000000000000e+00 3.528881463048882094e+20 8.257518173693627597e+20
3.200000000000000000e+03 5.000000000000000000e-01 5.000000000000000000e+00 3.155010387273292186e+20 7.836568083398802801e+20
3.200000000000000000e+03 -0.000000000000000000e+00 5.000000000000000000e+00 3.633166650564259348e+20 8.397560325790991647e+20
3.200000000000000000e+03 5.000000000000000000e-01 5.500000000000000000e+00 3.265152104362502390e+20 8.018810894388643758e+20
3.200000000000000000e+03 -0.000000000000000000e+00 5.500000000000000000e+00 3.661255880426951148e+20 8.468120235072094208e+20
3.200000000000000000e+03 5.000000000000000000e-01 6.000000000000000000e+00 3.265125966891608965e+20 8.070347203889927291e+20
3.200000000000000000e+03 -0.000000000000000000e+00 6.000000000000000000e+00 3.631827348497402429e+20 8.501317190263801119e+20
3.300000000000000000e+03 5.000000000000000000e-01 3.000000000000000000e+00 2.024563158308327260e+20 6.109237511111568261e+20
3.300000000000000000e+03 -0.000000000000000000e+00 3.000000000000000000e+00 2.976121377792973865e+20 7.757484826511361966e+20
3.300000000000000000e+03 5.000000000000000000e-01 3.500000000000000000e+00 2.387858274289057464e+20 6.945179737096853914e+20
3.300000000000000000e+03 -0.000000000000000000e+00 3.500000000000000000e+00 3.623955622615075389e+20 8.756593256532102349e+20
3.300000000000000000e+03 5.000000000000000000e-01 4.000000000000000000e+00 3.046674346774645309e+20 8.027578402738132746e+20
3.300000000000000000e+03 -0.000000000000000000e+00 4.000000000000000000e+00 4.124643076579924378e+20 9.440623260452281385e+20
3.300000000000000000e+03 5.000000000000000000e-01 4.500000000000000000e+00 3.588955708951483515e+20 8.843236844411357757e+20
3.300000000000000000e+03 -0.000000000000000000e+00 4.500000000000000000e+00 4.438199762693706875e+20 9.831664541195442586e+20
3.300000000000000000e+03 5.000000000000000000e-01 5.000000000000000000e+00 3.948839479063240376e+20 9.345178510828909363e+20
3.300000000000000000e+03 -0.000000000000000000e+00 5.000000000000000000e+00 4.615451615683446702e+20 1.005141686927929508e+21
3.300000000000000000e+03 5.000000000000000000e-01 5.500000000000000000e+00 4.155597909383894794e+20 9.643018702039247749e+20
3.300000000000000000e+03 -0.000000000000000000e+00 5.500000000000000000e+00 4.688120457059473818e+20 1.017158832840244986e+21
3.300000000000000000e+03 5.000000000000000000e-01 6.000000000000000000e+00 4.213034041703261143e+20 9.756168371897578291e+20
3.300000000000000000e+03 -0.000000000000000000e+00 6.000000000000000000e+00 4.674884204478994186e+20 1.021552076916726170e+21
3.400000000000000000e+03 5.000000000000000000e-01 3.000000000000000000e+00 2.688519843760661135e+20 7.499577960680849408e+20
3.400000000000000000e+03 -0.000000000000000000e+00 3.000000000000000000e+00 3.850209116698787840e+20 9.220743284872102543e+20
3.400000000000000000e+03 5.000000000000000000e-01 3.500000000000000000e+00 3.059883589743192965e+20 8.263704294252840223e+20
3.400000000000000000e+03 -0.000000000000000000e+00 3.500000000000000000e+00 4.472353693404931031e+20 1.021609285851329462e+21
3.400000000000000000e+03 5.000000000000000000e-01 4.000000000000000000e+00 3.697528482002355487e+20 9.360403269332369408e+20
3.400000000000000000e+03 -0.000000000000000000e+00 4.000000000000000000e+00 5.098337047610673070e+20 1.107671788504973967e+21
3.400000000000000000e+03 5.000000000000000000e-01 4.500000000000000000e+00 4.377936140823302636e+20 1.036057063315033424e+21
3.400000000000000000e+03 -0.000000000000000000e+00 4.500000000000000000e+00 5.505608753367812669e+20 1.158701392946304254e+21
3.400000000000000000e+03 5.000000000000000000e-01 5.000000000000000000e+00 4.874645578806455828e+20 1.101966639825693966e+21
3.400000000000000000e+03 -0.000000000000000000e+00 5.000000000000000000e+00 5.746858594284451267e+20 1.187136484926387126e+21
3.400000000000000000e+03 5.000000000000000000e-01 5.500000000000000000e+00 5.181852246307575562e+20 1.141608640408970985e+21
3.400000000000000000e+03 -0.000000000000000000e+00 5.500000000000000000e+00 5.866255244597588132e+20 1.202420903008506479e+21
3.400000000000000000e+03 5.000000000000000000e-01 6.000000000000000000e+00 5.324336787949220004e+20 1.163046967567514075e+21
3.400000000000000000e+03 -0.000000000000000000e+00 6.000000000000000000e+00 5.899837648625313382e+20 1.212859238034067161e+21
3.500000000000000000e+03 5.000000000000000000e-01 3.000000000000000000e+00 3.745513304392554250e+20 9.456217614563160883e+20
3.500000000000000000e+03 -0.000000000000000000e+00 3.000000000000000000e+00 4.947173502129234903e+20 1.095163994776001446e+21
3.500000000000000000e+03 5.000000000000000000e-01 3.500000000000000000e+00 4.001896004570955121e+20 9.996688614535458980e+20
3.500000000000000000e+03 -0.000000000000000000e+00 3.500000000000000000e+00 5.613100774906456310e+20 1.196407772055111205e+21
3.500000000000000000e+03 5.000000000000000000e-01 4.000000000000000000e+00 4.579398110317555876e+20 1.098142598454064579e+21
3.500000000000000000e+03 -0.000000000000000000e+00 4.000000000000000000e+00 6.296061230089977201e+20 1.291069013681932337e+21
3.500000000000000000e+03 5.000000000000000000e-01 4.500000000000000000e+00 5.352183659718040617e+20 1.209523042549096514e+21
3.500000000000000000e+03 -0.000000000000000000e+00 4.500000000000000000e+00 6.777001649014205317e+20 1.353153103544356176e+21
3.500000000000000000e+03 5.000000000000000000e-01 5.000000000000000000e+00 5.978040408384387154e+20 1.291357937922356806e+21
3.500000000000000000e+03 -0.000000000000000000e+00 5.000000000000000000e+00 7.075980092048917135e+20 1.390627518139818836e+21
3.500000000000000000e+03 5.000000000000000000e-01 5.500000000000000000e+00 6.382673213701441454e+20 1.341509108303262908e+21
3.500000000000000000e+03 -0.000000000000000000e+00 5.500000000000000000e+00 7.233520974435057664e+20 1.411721307860450673e+21
3.500000000000000000e+03 5.000000000000000000e-01 6.000000000000000000e+00 6.592752576037130076e+20 1.367326581658800095e+21
3.500000000000000000e+03 -0.000000000000000000e+00 6.000000000000000000e+00 7.279294944812763709e+20 1.420383463955521864e+21
3.600000000000000000e+03 5.000000000000000000e-01 3.000000000000000000e+00 5.293274534961292247e+20 1.195238416706974253e+21
3.600000000000000000e+03 -0.000000000000000000e+00 3.000000000000000000e+00 6.422443121635937485e+20 1.304775187637512700e+21
3.600000000000000000e+03 5.000000000000000000e-01 3.500000000000000000e+00 5.405288345937471734e+20 1.228560436077136445e+21
3.600000000000000000e+03 -0.000000000000000000e+00 3.500000000000000000e+00 6.994993504438819226e+20 1.394516456649435382e+21
3.600000000000000000e+03 5.000000000000000000e-01 4.000000000000000000e+00 5.822149228725298790e+20 1.302219454696866710e+21
3.600000000000000000e+03 -0.000000000000000000e+00 4.000000000000000000e+00 7.720671721084337521e+20 1.495490564976307601e+21
3.600000000000000000e+03 5.000000000000000000e-01 4.500000000000000000e+00 6.591192434006977413e+20 1.410149097718736486e+21
3.600000000000000000e+03 -0.000000000000000000e+00 4.500000000000000000e+00 8.274101846886390170e+20 1.568547008194518712e+21
3.600000000000000000e+03 5.000000000000000000e-01 5.000000000000000000e+00 7.307210503421847142e+20 1.502007215243015487e+21
3.600000000000000000e+03 -0.000000000000000000e+00 5.000000000000000000e+00 8.616541701292904940e+20 1.613161128729954222e+21
3.600000000000000000e+03 5.000000000000000000e-01 5.500000000000000000e+00 7.773292399017960407e+20 1.558937101483963056e+21
3.600000000000000000e+03 -0.000000000000000000e+00 5.500000000000000000e+00 8.781166690667305370e+20 1.636372269427170476e+21
3.600000000000000000e+03 5.000000000000000000e-01 6.000000000000000000e+00 8.081245761978324746e+20 1.598984643341040484e+21
3.600000000000000000e+03 -0.000000000000000000e+00 6.000000000000000000e+00 8.878138688725573960e+20 1.655784622544582345e+21
3.700000000000000000e+03 5.000000000000000000e-01 3.000000000000000000e+00 7.255299093835331666e+20 1.480453149528857248e+21
3.700000000000000000e+03 -0.000000000000000000e+00 3.000000000000000000e+00 8.264926307503740027e+20 1.548243978367179424e+21
3.700000000000000000e+03 5.000000000000000000e-01 3.500000000000000000e+00 7.187348566067174441e+20 1.491178339639568892e+21
3.700000000000000000e+03 -0.000000000000000000e+00 3.500000000000000000e+00 8.692914837820905882e+20 1.623916326273769800e+21
3.700000000000000000e+03 5.000000000000000000e-01 4.000000000000000000e+00 7.494411843628576276e+20 1.550725669927181091e+21
3.700000000000000000e+03 -0.000000000000000000e+00 4.000000000000000000e+00 9.372062854535863337e+20 1.721359295641738805e+21
3.700000000000000000e+03 5.000000000000000000e-01 4.500000000000000000e+00 8.147082817349966889e+20 1.643047339968823558e+21
3.700000000000000000e+03 -0.000000000000000000e+00 4.500000000000000000e+00 9.994688938624455803e+20 1.804846112506190234e+21
3.700000000000000000e+03 5.000000000000000000e-01 5.000000000000000000e+00 8.914416474222235484e+20 1.740863202085469684e+21
3.700000000000000000e+03 -0.000000000000000000e+00 5.000000000000000000e+00 1.038001209307947205e+21 1.857782450763181851e+21
3.700000000000000000e+03 5.000000000000000000e-01 5.500000000000000000e+00 9.433385471993766216e+20 1.803492762343859290e+21
3.700000000000000000e+03 -0.000000000000000000e+00 5.500000000000000000e+00 1.056861424118856286e+21 1.885616534226757485e+21
3.700000000000000000e+03 5.000000000000000000e-01 6.000000000000000000e+00 9.796600619831822909e+20 1.849820321868067111e+21
3.700000000000000000e+03 -0.000000000000000000e+00 6.000000000000000000e+00 1.068611210059591844e+21 1.909022963606415213e+21
3.800000000000000000e+03 5.000000000000000000e-01 3.000000000000000000e+00 9.596891596789929738e+20 1.792509264580396712e+21
3.800000000000000000e+03 -0.000000000000000000e+00 3.000000000000000000e+00 1.046599958379455447e+21 1.827826770367107301e+21
3.800000000000000000e+03 5.000000000000000000e-01 3.500000000000000000e+00 9.440178759128209162e+20 1.796340161889436434e+21
3.800000000000000000e+03 -0.000000000000000000e+00 3.500000000000000000e+00 1.068354687237537137e+21 1.881101664184993317e+21
3.800000000000000000e+03 5.000000000000000000e-01 4.000000000000000000e+00 9.640757959720897085e+20 1.842100596708534649e+21
3.800000000000000000e+03 -0.000000000000000000e+00 4.000000000000000000e+00 1.125338360530336481e+21 1.969851138797027197e+21
3.800000000000000000e+03 5.000000000000000000e-01 4.500000000000000000e+00 1.004597533648534503e+21 1.909724603463510262e+21
3.800000000000000000e+03 -0.000000000000000000e+00 4.500000000000000000e+00 1.192139822993743806e+21 2.061215296817287660e+21
3.800000000000000000e+03 5.000000000000000000e-01 5.000000000000000000e+00 1.081331672077973455e+21 2.007410096633144148e+21
3.800000000000000000e+03 -0.000000000000000000e+00 5.000000000000000000e+00 1.238412163592655995e+21 2.125535599570588271e+21
3.800000000000000000e+03 5.000000000000000000e-01 5.500000000000000000e+00 1.137451315741586227e+21 2.075313614375013319e+21
3.800000000000000000e+03 -0.000000000000000000e+00 5.500000000000000000e+00 1.259258146556364194e+21 2.159291614966744613e+21
3.800000000000000000e+03 5.000000000000000000e-01 6.000000000000000000e+00 1.176896252002210546e+21 2.125814788796140749e+21
3.800000000000000000e+03 -0.000000000000000000e+00 6.000000000000000000e+00 1.271923445260793938e+21 2.185796242537161425e+21
3.900000000000000000e+03 5.000000000000000000e-01 3.000000000000000000e+00 1.230808908458858906e+21 2.132209240893682614e+21
3.900000000000000000e+03 -0.000000000000000000e+00 3.000000000000000000e+00 1.302641584102242255e+21 2.141830140635271135e+21
3.900000000000000000e+03 5.000000000000000000e-01 3.500000000000000000e+00 1.210675707929730220e+21 2.132478916994007564e+21
3.900000000000000000e+03 -0.000000000000000000e+00 3.500000000000000000e+00 1.308380793751598531e+21 2.174099091820514902e+21
3.900000000000000000e+03 5.000000000000000000e-01 4.000000000000000000e+00 1.212982462739551093e+21 2.161162953516719276e+21
3.900000000000000000e+03 -0.000000000000000000e+00 4.000000000000000000e+00 1.347305722655852200e+21 2.247784910336940835e+21
3.900000000000000000e+03 5.000000000000000000e-01 4.500000000000000000e+00 1.232665655654144803e+21 2.211772005771244995e+21
3.900000000000000000e+03 -0.000000000000000000e+00 4.500000000000000000e+00 1.409842982425820660e+21 2.340919201191433601e+21
3.900000000000000000e+03 5.000000000000000000e-01 5.000000000000000000e+00 1.298354391578982220e+21 2.298253427355577221e+21
3.900000000000000000e+03 -0.000000000000000000e+00 5.000000000000000000e+00 1.459522416848748413e+21 2.414680386720187286e+21
3.900000000000000000e+03 5.000000000000000000e-01 5.500000000000000000e+00 1.360394575955323781e+21 2.374606360774224380e+21
3.900000000000000000e+03 -0.000000000000000000e+00 5.500000000000000000e+00 1.485370101425371087e+21 2.456466658187224285e+21
3.900000000000000000e+03 5.000000000000000000e-01 6.000000000000000000e+00 1.403100164672787579e+21 2.430365593874366202e+21
3.900000000000000000e+03 -0.000000000000000000e+00 6.000000000000000000e+00 1.499484964636257944e+21 2.487569152772434035e+21
4.000000000000000000e+03 5.000000000000000000e-01 3.000000000000000000e+00 1.525014356810613654e+21 2.491588225131893752e+21
4.000000000000000000e+03 -0.000000000000000000e+00 3.000000000000000000e+00 1.575887216969352479e+21 2.476355053407458296e+21
4.000000000000000000e+03 5.000000000000000000e-01 3.500000000000000000e+00 1.506307210242002780e+21 2.493967412355343057e+21
4.000000000000000000e+03 -0.000000000000000000e+00 3.500000000000000000e+00 1.574067375974312051e+21 2.496768477163832738e+21
4.000000000000000000e+03 5.000000000000000000e-01 4.000000000000000000e+00 1.490585071714854765e+21 2.504597187475453510e+21
4.000000000000000000e+03 -0.000000000000000000e+00 4.000000000000000000e+00 1.600339530961161028e+21 2.558347831353234424e+21
4.000000000000000000e+03 5.000000000000000000e-01 4.500000000000000000e+00 1.506669296597694939e+21 2.552313758111440044e+21
4.000000000000000000e+03 -0.000000000000000000e+00 4.500000000000000000e+00 1.649234309343566365e+21 2.641389150761694790e+21
4.000000000000000000e+03 5.000000000000000000e-01 5.000000000000000000e+00 1.546667963928832115e+21 2.616990623412495843e+21
4.000000000000000000e+03 -0.000000000000000000e+00 5.000000000000000000e+00 1.703471509264037315e+21 2.724541792865012417e+21
4.000000000000000000e+03 5.000000000000000000e-01 5.500000000000000000e+00 1.610973346135162487e+21 2.699269432494371897e+21
4.000000000000000000e+03 -0.000000000000000000e+00 5.500000000000000000e+00 1.735855488584094581e+21 2.778748815529054044e+21
4.000000000000000000e+03 5.000000000000000000e-01 6.000000000000000000e+00 1.658108388069843141e+21 2.761403584980481212e+21
4.000000000000000000e+03 -0.000000000000000000e+00 6.000000000000000000e+00 1.753260912787146932e+21 2.815073827224823005e+21
4.100000000000000000e+03 5.000000000000000000e-01 3.000000000000000000e+00 1.843491656891097678e+21 2.875167204993677656e+21
4.100000000000000000e+03 -0.000000000000000000e+00 3.000000000000000000e+00 1.872039550033206968e+21 2.837049507795008225e+21
4.100000000000000000e+03 5.000000000000000000e-01 3.500000000000000000e+00 1.829618548260903846e+21 2.881988037674608361e+21
4.100000000000000000e+03 -0.000000000000000000e+00 3.500000000000000000e+00 1.876223261460574503e+21 2.860377688714334700e+21
4.100000000000000000e+03 5.000000000000000000e-01 4.000000000000000000e+00 1.811489123484263776e+21 2.888175094703004320e+21
4.100000000000000000e+03 -0.000000000000000000e+00 4.000000000000000000e+00 1.889415807008523158e+21 2.903267252227992977e+21
4.100000000000000000e+03 5.000000000000000000e-01 4.500000000000000000e+00 1.814186333134943420e+21 2.922998024586431824e+21
4.100000000000000000e+03 -0.000000000000000000e+00 4.500000000000000000e+00 1.919979091611741323e+21 2.973269876144203104e+21
4.100000000000000000e+03 5.000000000000000000e-01 5.000000000000000000e+00 1.840191243874567717e+21 2.981358130602582213e+21
4.100000000000000000e+03 -0.000000000000000000e+00 5.000000000000000000e+00 1.972131529248786088e+21 3.058706509709736149e+21
4.100000000000000000e+03 5.000000000000000000e-01 5.500000000000000000e+00 1.887770944216237605e+21 3.051251483223454122e+21
4.100000000000000000e+03 -0.000000000000000000e+00 5.500000000000000000e+00 2.007889847179891966e+21 3.121553951255606854e+21
4.100000000000000000e+03 5.000000000000000000e-01 6.000000000000000000e+00 1.939148041651529187e+21 3.120234461699831759e+21
4.100000000000000000e+03 -0.000000000000000000e+00 6.000000000000000000e+00 2.032355551439653437e+21 3.169107647322326565e+21
4.200000000000000000e+03 5.000000000000000000e-01 3.000000000000000000e+00 2.185654671883829772e+21 3.284018570633174057e+21
4.200000000000000000e+03 -0.000000000000000000e+00 3.000000000000000000e+00 2.198479614631250231e+21 3.225072772075589992e+21
4.200000000000000000e+03 5.000000000000000000e-01 3.500000000000000000e+00 2.180285282375373160e+21 3.295840898118364692e+21
4.200000000000000000e+03 -0.000000000000000000e+00 3.500000000000000000e+00 2.203984293393499685e+21 3.249718448533073297e+21
4.200000000000000000e+03 5.000000000000000000e-01 4.000000000000000000e+00 2.163358615244893323e+21 3.300482651104395919e+21
4.200000000000000000e+03 -0.000000000000000000e+00 4.000000000000000000e+00 2.204240460669152657e+21 3.272831997971657654e+21
4.200000000000000000e+03 5.000000000000000000e-01 4.500000000000000000e+00 2.147854150111431492e+21 3.317564795177548644e+21
4.200000000000000000e+03 -0.000000000000000000e+00 4.500000000000000000e+00 2.225366687576800100e+21 3.333905194811345863e+21
4.200000000000000000e+03 5.000000000000000000e-01 5.000000000000000000e+00 2.160202816819384287e+21 3.368800432695319462e+21
4.200000000000000000e+03 -0.000000000000000000e+00 5.000000000000000000e+00 2.258493926038630564e+21 3.405986611003102069e+21
4.200000000000000000e+03 5.000000000000000000e-01 5.500000000000000000e+00 2.202496786698126754e+21 3.434732803983081996e+21
4.200000000000000000e+03 -0.000000000000000000e+00 5.500000000000000000e+00 2.309362495784154300e+21 3.490209748087266607e+21
4.200000000000000000e+03 5.000000000000000000e-01 6.000000000000000000e+00 2.248560249623011131e+21 3.504659102363147043e+21
4.200000000000000000e+03 -0.000000000000000000e+00 6.000000000000000000e+00 2.335785395890983010e+21 3.545401325703789543e+21
4.300000000000000000e+03 5.000000000000000000e-01 3.000000000000000000e+00 2.552534566201021956e+21 3.716119901911499932e+21
4.300000000000000000e+03 -0.000000000000000000e+00 3.000000000000000000e+00 2.548714330521028526e+21 3.635524701886656545e+21
4.300000000000000000e+03 5.000000000000000000e-01 3.500000000000000000e+00 2.556570908780809683e+21 3.734831587008947159e+21
4.300000000000000000e+03 -0.000000000000000000e+00 3.500000000000000000e+00 2.556640547819337810e+21 3.662838204281968394e+21
4.300000000000000000e+03 5.000000000000000000e-01 4.000000000000000000e+00 2.544297728766363828e+21 3.743842503762227757e+21
4.300000000000000000e+03 -0.000000000000000000e+00 4.000000000000000000e+00 2.559821276277930197e+21 3.687528754670079050e+21
4.300000000000000000e+03 5.000000000000000000e-01 4.500000000000000000e+00 2.523773744178763137e+21 3.749442906619101839e+21
4.300000000000000000e+03 -0.000000000000000000e+00 4.500000000000000000e+00 2.564289469012835303e+21 3.726781151941691441e+21
4.300000000000000000e+03 5.000000000000000000e-01 5.000000000000000000e+00 2.520691764772152541e+21 3.785930183942423446e+21
4.300000000000000000e+03 -0.000000000000000000e+00 5.000000000000000000e+00 2.588015542655500419e+21 3.795666939709841474e+21
4.300000000000000000e+03 5.000000000000000000e-01 5.500000000000000000e+00 2.543698522754071921e+21 3.847076672707421536e+21
4.300000000000000000e+03 -0.000000000000000000e+00 5.500000000000000000e+00 2.632268997483967283e+21 3.881282893559812850e+21
4.300000000000000000e+03 5.000000000000000000e-01 6.000000000000000000e+00 2.590950050610295603e+21 3.923204368675176972e+21
4.300000000000000000e+03 -0.000000000000000000e+00 6.000000000000000000e+00 2.665120323409782768e+21 3.944894335526374998e+21
4.400000000000000000e+03 5.000000000000000000e-01 3.000000000000000000e+00 2.947968449814202941e+21 4.174796107271982547e+21
4.400000000000000000e+03 -0.000000000000000000e+00 3.000000000000000000e+00 2.919373179646780637e+21 4.066275640590319223e+21
4.400000000000000000e+03 5.000000000000000000e-01 3.500000000000000000e+00 2.955502968904865022e+21 4.196434662846643044e+21
4.400000000000000000e+03 -0.000000000000000000e+00 3.500000000000000000e+00 2.937384910872460657e+21 4.100421666647427777e+21
4.400000000000000000e+03 5.000000000000000000e-01 4.000000000000000000e+00 2.951676761598474584e+21 4.211203262697354822e+21
4.400000000000000000e+03 -0.000000000000000000e+00 4.000000000000000000e+00 2.942912712320478085e+21 4.126888680424723186e+21
4.400000000000000000e+03 5.000000000000000000e-01 4.500000000000000000e+00 2.934315069944775574e+21 4.218480646242011972e+21
4.400000000000000000e+03 -0.000000000000000000e+00 4.500000000000000000e+00 2.944495955314857738e+21 4.156934209170370462e+21
4.400000000000000000e+03 5.000000000000000000e-01 5.000000000000000000e+00 2.917706530679615914e+21 4.239298350504004813e+21
4.400000000000000000e+03 -0.000000000000000000e+00 5.000000000000000000e+00 2.954510318222682096e+21 4.213413410779011482e+21
4.400000000000000000e+03 5.000000000000000000e-01 5.500000000000000000e+00 2.927582222705544397e+21 4.295608722108331327e+21
4.400000000000000000e+03 -0.000000000000000000e+00 5.500000000000000000e+00 2.985027473383376814e+21 4.292118960501630697e+21
4.400000000000000000e+03 5.000000000000000000e-01 6.000000000000000000e+00 2.956397274192266920e+21 4.359388411420977660e+21
4.400000000000000000e+03 -0.000000000000000000e+00 6.000000000000000000e+00 3.024918394255447163e+21 4.373233164558439285e+21
4.500000000000000000e+03 5.000000000000000000e-01 3.000000000000000000e+00 3.363900974030899905e+21 4.654022120637250666e+21
4.500000000000000000e+03 -0.000000000000000000e+00 3.000000000000000000e+00 3.326235570126589002e+21 4.527674191936322798e+21
4.500000000000000000e+03 5.000000000000000000e-01 3.500000000000000000e+00 3.383541556193386299e+21 4.683762563269476221e+21
4.500000000000000000e+03 -0.000000000000000000e+00 3.500000000000000000e+00 3.343973289726093296e+21 4.561030948767728665e+21
4.500000000000000000e+03 5.000000000000000000e-01 4.000000000000000000e+00 3.382596818676305363e+21 4.700446922853568741e+21
4.500000000000000000e+03 -0.000000000000000000e+00 4.000000000000000000e+00 3.355017524212316242e+21 4.591693735143144423e+21
4.500000000000000000e+03 5.000000000000000000e-01 4.500000000000000000e+00 3.370684621341890445e+21 4.712267878539154948e+21
4.500000000000000000e+03 -0.000000000000000000e+00 4.500000000000000000e+00 3.356468918980020535e+21 4.620188720091898053e+21
4.500000000000000000e+03 5.000000000000000000e-01 5.000000000000000000e+00 3.347269138424551965e+21 4.725159351862846030e+21
4.500000000000000000e+03 -0.000000000000000000e+00 5.000000000000000000e+00 3.353389058510815756e+21 4.660236813999965995e+21
4.500000000000000000e+03 5.000000000000000000e-01 5.500000000000000000e+00 3.347174339320459297e+21 4.775333123843953787e+21
4.500000000000000000e+03 -0.000000000000000000e+00 5.500000000000000000e+00 3.381161549000583152e+21 4.742462056605626139e+21
4.500000000000000000e+03 5.000000000000000000e-01 6.000000000000000000e+00 3.364166901825815446e+21 4.832888063852422365e+21
4.500000000000000000e+03 -0.000000000000000000e+00 6.000000000000000000e+00 3.413272418642070340e+21 4.820869870058943283e+21
4.600000000000000000e+03 5.000000000000000000e-01 3.000000000000000000e+00 3.818051899453628482e+21 5.165211573824124879e+21
4.600000000000000000e+03 -0.000000000000000000e+00 3.000000000000000000e+00 3.758435248172870140e+21 5.010342554536463303e+21
4.600000000000000000e+03 5.000000000000000000e-01 3.500000000000000000e+00 3.840068864882403443e+21 5.195994076702982537e+21
4.600000000000000000e+03 -0.000000000000000000e+00 3.500000000000000000e+00 3.783099957581346505e+21 5.048336284855381787e+21
4.600000000000000000e+03 5.000000000000000000e-01 4.000000000000000000e+00 3.850179426167322313e+21 5.221041580621374161e+21
4.600000000000000000e+03 -0.000000000000000000e+00 4.000000000000000000e+00 3.796178676839129547e+21 5.080757854809598460e+21
4.600000000000000000e+03 5.000000000000000000e-01 4.500000000000000000e+00 3.838265513264748691e+21 5.232960443986552553e+21
4.600000000000000000e+03 -0.000000000000000000e+00 4.500000000000000000e+00 3.801248878937258328e+21 5.112384024382127735e+21
4.600000000000000000e+03 5.000000000000000000e-01 5.000000000000000000e+00 3.813345266319415050e+21 5.240587289038586642e+21
4.600000000000000000e+03 -0.000000000000000000e+00 5.000000000000000000e+00 3.794160065566599545e+21 5.141602225367475552e+21
4.600000000000000000e+03 5.000000000000000000e-01 5.500000000000000000e+00 3.808290602362343522e+21 5.287654237753806160e+21
4.600000000000000000e+03 -0.000000000000000000e+00 5.500000000000000000e+00 3.809448361253131518e+21 5.213836020083590169e+21
4.600000000000000000e+03 5.000000000000000000e-01 6.000000000000000000e+00 3.815185757526744367e+21 5.345895161805153501e+21
4.600000000000000000e+03 -0.000000000000000000e+00 6.000000000000000000e+00 3.840214540606153163e+21 5.300229011828040008e+21
4.700000000000000000e+03 5.000000000000000000e-01 3.000000000000000000e+00 4.302843491041939030e+21 5.704046344599615046e+21
4.700000000000000000e+03 -0.000000000000000000e+00 3.000000000000000000e+00 4.214857666977316995e+21 5.511443837423775121e+21
4.700000000000000000e+03 5.000000000000000000e-01 3.500000000000000000e+00 4.320517341293430440e+21 5.729379322161658855e+21
4.700000000000000000e+03 -0.000000000000000000e+00 3.500000000000000000e+00 4.257006717010561729e+21 5.563008206310144475e+21
4.700000000000000000e+03 5.000000000000000000e-01 4.000000000000000000e+00 4.330337617182709514e+21 5.749853806073533694e+21
4.700000000000000000e+03 -0.000000000000000000e+00 4.000000000000000000e+00 4.264845903994996392e+21 5.587280028912840606e+21
4.700000000000000000e+03 5.000000000000000000e-01 4.500000000000000000e+00 4.333179719713754186e+21 5.776024697650604409e+21
4.700000000000000000e+03 -0.000000000000000000e+00 4.500000000000000000e+00 4.278383055695273525e+21 5.630022508724953809e+21
4.700000000000000000e+03 5.000000000000000000e-01 5.000000000000000000e+00 4.315948053328658694e+21 5.791206686874906132e+21
4.700000000000000000e+03 -0.000000000000000000e+00 5.000000000000000000e+00 4.272341064707247440e+21 5.658450279253387772e+21
4.700000000000000000e+03 5.000000000000000000e-01 5.500000000000000000e+00 4.300959663054823358e+21 5.823952441305507824e+21
4.700000000000000000e+03 -0.000000000000000000e+00 5.500000000000000000e+00 4.283491893119761777e+21 5.724626601521114513e+21
4.700000000000000000e+03 5.000000000000000000e-01 6.000000000000000000e+00 4.302729987251901563e+21 5.887072398860143821e+21
4.700000000000000000e+03 -0.000000000000000000e+00 6.000000000000000000e+00 4.306205183047371325e+21 5.810282313122848965e+21
4.800000000000000000e+03 5.000000000000000000e-01 3.000000000000000000e+00 4.816896207373620740e+21 6.262964096051042058e+21
4.800000000000000000e+03 -0.000000000000000000e+00 3.000000000000000000e+00 4.713609058719407538e+21 6.050810449676488147e+21
4.800000000000000000e+03 5.000000000000000000e-01 3.500000000000000000e+00 4.838917751243200791e+21 6.293259255754124165e+21
4.800000000000000000e+03 -0.000000000000000000e+00 3.500000000000000000e+00 4.757927638016184025e+21 6.100443772130795979e+21
4.800000000000000000e+03 5.000000000000000000e-01 4.000000000000000000e+00 4.851746067152179823e+21 6.315787820348883337e+21
4.800000000000000000e+03 -0.000000000000000000e+00 4.000000000000000000e+00 4.765831758895087878e+21 6.125046240243573850e+21
4.800000000000000000e+03 5.000000000000000000e-01 4.500000000000000000e+00 4.846976897894861242e+21 6.330927270092862390e+21
4.800000000000000000e+03 -0.000000000000000000e+00 4.500000000000000000e+00 4.773987163387876868e+21 6.159108486217103049e+21
4.800000000000000000e+03 5.000000000000000000e-01 5.000000000000000000e+00 4.848523467534606795e+21 6.364531758331477361e+21
4.800000000000000000e+03 -0.000000000000000000e+00 5.000000000000000000e+00 4.784587180451005727e+21 6.202470971172282434e+21
4.800000000000000000e+03 5.000000000000000000e-01 5.500000000000000000e+00 4.835001130351886074e+21 6.394793001242281902e+21
4.800000000000000000e+03 -0.000000000000000000e+00 5.500000000000000000e+00 4.790460118633306653e+21 6.257473047154932056e+21
4.800000000000000000e+03 5.000000000000000000e-01 6.000000000000000000e+00 4.830840622419594445e+21 6.455479645386855940e+21
4.800000000000000000e+03 -0.000000000000000000e+00 6.000000000000000000e+00 4.811902984340758331e+21 6.346300250793359442e+21
4.900000000000000000e+03 5.000000000000000000e-01 3.000000000000000000e+00 5.367878784349361930e+21 6.856687331485692199e+21
4.900000000000000000e+03 -0.000000000000000000e+00 3.000000000000000000e+00 5.250393255577306268e+21 6.618349046969549193e+21
4.900000000000000000e+03 5.000000000000000000e-01 3.500000000000000000e+00 5.402889445052160934e+21 6.894113751900294742e+21
4.900000000000000000e+03 -0.000000000000000000e+00 3.500000000000000000e+00 5.283699491278708277e+21 6.659459170019790815e+21
4.900000000000000000e+03 5.000000000000000000e-01 4.000000000000000000e+00 5.410199702065720066e+21 6.910355961476082041e+21
4.900000000000000000e+03 -0.000000000000000000e+00 4.000000000000000000e+00 5.303775970912672678e+21 6.690894201559418143e+21
4.900000000000000000e+03 5.000000000000000000e-01 4.500000000000000000e+00 5.408660742105785696e+21 6.926466476116975550e+21
4.900000000000000000e+03 -0.000000000000000000e+00 4.500000000000000000e+00 5.316293377368635998e+21 6.726267299879985349e+21
4.900000000000000000e+03 5.000000000000000000e-01 5.000000000000000000e+00 5.410526722224251994e+21 6.958555656652778897e+21
4.900000000000000000e+03 -0.000000000000000000e+00 5.000000000000000000e+00 5.327214539714281341e+21 6.771181921491225674e+21
4.900000000000000000e+03 5.000000000000000000e-01 5.500000000000000000e+00 5.406277520884201685e+21 7.000330544704959545e+21
4.900000000000000000e+03 -0.000000000000000000e+00 5.500000000000000000e+00 5.336325895669182104e+21 6.825412444110832271e+21
4.900000000000000000e+03 5.000000000000000000e-01 6.000000000000000000e+00 5.397274509233803493e+21 7.054427577780781711e+21
4.900000000000000000e+03 -0.000000000000000000e+00 6.000000000000000000e+00 5.351574524254024106e+21 6.909019187971952214e+21
5.000000000000000000e+03 5.000000000000000000e-01 3.000000000000000000e+00 5.921760517675924062e+21 7.446104517832160051e+21
5.000000000000000000e+03 -0.000000000000000000e+00 3.000000000000000000e+00 5.810277626116389732e+21 7.194032458766653325e+21
5.000000000000000000e+03 5.000000000000000000e-01 3.500000000000000000e+00 5.984641493293523272e+21 7.506466878924860162e+21
5.000000000000000000e+03 -0.000000000000000000e+00 3.500000000000000000e+00 5.831003112394070163e+21 7.224527172725134852e+21
5.000000000000000000e+03 5.000000000000000000e-01 4.000000000000000000e+00 5.997359089935142879e+21 7.525473532528855876e+21
5.000000000000000000e+03 -0.000000000000000000e+00 4.000000000000000000e+00 5.870805308936036549e+21 7.274920582995905610e+21
5.000000000000000000e+03 5.000000000000000000e-01 4.500000000000000000e+00 6.000424158728530428e+21 7.543211554316464685e+21
5.000000000000000000e+03 -0.000000000000000000e+00 4.500000000000000000e+00 5.882979805260548145e+21 7.310538958749914104e+21
5.000000000000000000e+03 5.000000000000000000e-01 5.000000000000000000e+00 6.005702196642292171e+21 7.578066802817216020e+21
5.000000000000000000e+03 -0.000000000000000000e+00 5.000000000000000000e+00 5.899223438734155317e+21 7.359222878939115422e+21
5.000000000000000000e+03 5.000000000000000000e-01 5.500000000000000000e+00 6.007560560980436976e+21 7.625273586258884428e+21
5.000000000000000000e+03 -0.000000000000000000e+00 5.500000000000000000e+00 5.914544561593705824e+21 7.420392068665957155e+21
5.000000000000000000e+03 5.000000000000000000e-01 6.000000000000000000e+00 5.997020042409212379e+21 7.675847258639713698e+21
5.000000000000000000e+03 -0.000000000000000000e+00 6.000000000000000000e+00 5.928214369572913938e+21 7.494881627200379945e+21
5.100000000000000000e+03 5.000000000000000000e-01 3.000000000000000000e+00 6.541236401446837027e+21 8.064279532571064271e+21
5.100000000000000000e+03 -0.000000000000000000e+00 3.000000000000000000e+00 6.361923780445669949e+21 7.755438038825312453e+21
5.100000000000000000e+03 5.000000000000000000e-01 3.500000000000000000e+00 6.555781062949201773e+21 8.073256600905575301e+21
5.100000000000000000e+03 -0.000000000000000000e+00 3.500000000000000000e+00 6.402443634330663125e+21 7.797360048689742086e+21
5.100000000000000000e+03 5.000000000000000000e-01 4.000000000000000000e+00 6.563988530204694807e+21 8.083484724722743116e+21
5.100000000000000000e+03 -0.000000000000000000e+00 4.000000000000000000e+00 6.415108886491595538e+21 7.826619856053763834e+21
5.100000000000000000e+03 5.000000000000000000e-01 4.500000000000000000e+00 6.564516570436224418e+21 8.094627572830809620e+21
5.100000000000000000e+03 -0.000000000000000000e+00 4.500000000000000000e+00 6.450396542573032243e+21 7.878694394260935934e+21
5.100000000000000000e+03 5.000000000000000000e-01 5.000000000000000000e+00 6.573303869699204841e+21 8.132216834797024051e+21
5.100000000000000000e+03 -0.000000000000000000e+00 5.000000000000000000e+00 6.448342483222436774e+21 7.906303301944141152e+21
5.100000000000000000e+03 5.000000000000000000e-01 5.500000000000000000e+00 6.582541485570862875e+21 8.188407786213670388e+21
5.100000000000000000e+03 -0.000000000000000000e+00 5.500000000000000000e+00 6.490261305259577049e+21 7.989005755047138558e+21
5.100000000000000000e+03 5.000000000000000000e-01 6.000000000000000000e+00 6.575065223454930239e+21 8.244759376621914292e+21
5.100000000000000000e+03 -0.000000000000000000e+00 6.000000000000000000e+00 6.483089320837490147e+21 8.043753346563408134e+21
5.200000000000000000e+03 5.000000000000000000e-01 3.000000000000000000e+00 7.178717182174521459e+21 8.718513131268463395e+21
5.200000000000000000e+03 -0.000000000000000000e+00 3.000000000000000000e+00 6.971755657339498136e+21 8.365763611387861402e+21
5.200000000000000000e+03 5.000000000000000000e-01 3.500000000000000000e+00 7.197635708397634454e+21 8.730945087355633009e+21
5.200000000000000000e+03 -0.000000000000000000e+00 3.500000000000000000e+00 7.020659536338260853e+21 8.420258831850928079e+21
5.200000000000000000e+03 5.000000000000000000e-01 4.000000000000000000e+00 7.222262047486469210e+21 8.754969741377275953e+21
5.200000000000000000e+03 -0.000000000000000000e+00 4.000000000000000000e+00 7.051744716863474500e+21 8.463089592800624247e+21
5.200000000000000000e+03 5.000000000000000000e-01 4.500000000000000000e+00 7.214526664232954495e+21 8.753177320005950243e+21
5.200000000000000000e+03 -0.000000000000000000e+00 4.500000000000000000e+00 7.082132892254813028e+21 8.510795224235629347e+21
5.200000000000000000e+03 5.000000000000000000e-01 5.000000000000000000e+00 7.227463209786003161e+21 8.795286531373475561e+21
5.200000000000000000e+03 -0.000000000000000000e+00 5.000000000000000000e+00 7.087124443932257157e+21 8.543509850143305236e+21
5.200000000000000000e+03 5.000000000000000000e-01 5.500000000000000000e+00 7.239062001580900352e+21 8.849432886593113293e+21
5.200000000000000000e+03 -0.000000000000000000e+00 5.500000000000000000e+00 7.128194202287763096e+21 8.624020359159177282e+21
5.200000000000000000e+03 5.000000000000000000e-01 6.000000000000000000e+00 7.241173550893541360e+21 8.914390270951052804e+21
5.200000000000000000e+03 -0.000000000000000000e+00 6.000000000000000000e+00 7.118899442274560639e+21 8.676597594939484799e+21
5.300000000000000000e+03 5.000000000000000000e-01 3.000000000000000000e+00 7.868561920658816106e+21 9.412781028334826947e+21
5.300000000000000000e+03 -0.000000000000000000e+00 3.000000000000000000e+00 7.608481193435900936e+21 9.001650435743644910e+21
5.300000000000000000e+03 5.000000000000000000e-01 3.500000000000000000e+00 7.900610200106268885e+21 9.432121731018391552e+21
5.300000000000000000e+03 -0.000000000000000000e+00 3.500000000000000000e+00 7.687222173098803462e+21 9.090079833234283168e+21
5.300000000000000000e+03 5.000000000000000000e-01 4.000000000000000000e+00 7.911302540484105208e+21 9.441813396459424317e+21
5.300000000000000000e+03 -0.000000000000000000e+00 4.000000000000000000e+00 7.718247976685380043e+21 9.126888575520868401e+21
5.300000000000000000e+03 5.000000000000000000e-01 4.500000000000000000e+00 7.922324316983011574e+21 9.456853756687180366e+21
5.300000000000000000e+03 -0.000000000000000000e+00 4.500000000000000000e+00 7.744016276817629413e+21 9.163760414879755796e+21
5.300000000000000000e+03 5.000000000000000000e-01 5.000000000000000000e+00 7.923900898145758872e+21 9.486242849280759955e+21
5.300000000000000000e+03 -0.000000000000000000e+00 5.000000000000000000e+00 7.771428332389029380e+21 9.217599127121837425e+21
5.300000000000000000e+03 5.000000000000000000e-01 5.500000000000000000e+00 7.937450731712044597e+21 9.542165491000583127e+21
5.300000000000000000e+03 -0.000000000000000000e+00 5.500000000000000000e+00 7.784535123868017230e+21 9.271506531253083963e+21
5.300000000000000000e+03 5.000000000000000000e-01 6.000000000000000000e+00 7.943664591030901015e+21 9.606630379623483965e+21
5.300000000000000000e+03 -0.000000000000000000e+00 6.000000000000000000e+00 7.813451917377612546e+21 9.358582240162916336e+21
5.400000000000000000e+03 5.000000000000000000e-01 3.000000000000000000e+00 8.550357551184057729e+21 1.009358509532588173e+22
5.400000000000000000e+03 -0.000000000000000000e+00 3.000000000000000000e+00 8.300922662262205841e+21 9.667599709337588597e+21
5.400000000000000000e+03 5.000000000000000000e-01 3.500000000000000000e+00 8.630984327722450289e+21 1.015188738983392707e+22
5.400000000000000000e+03 -0.000000000000000000e+00 3.500000000000000000e+00 8.354875891424740508e+21 9.741491560779219993e+21
5.400000000000000000e+03 5.000000000000000000e-01 4.000000000000000000e+00 8.637558195030722609e+21 1.015806591886922718e+22
5.400000000000000000e+03 -0.000000000000000000e+00 4.000000000000000000e+00 8.404039948804361814e+21 9.796209451950579646e+21
5.400000000000000000e+03 5.000000000000000000e-01 4.500000000000000000e+00 8.363186159489966408e+21 9.896404156751802270e+21
5.400000000000000000e+03 -0.000000000000000000e+00 4.500000000000000000e+00 8.428617976927464980e+21 9.832871768673495286e+21
5.400000000000000000e+03 5.000000000000000000e-01 5.000000000000000000e+00 8.650801811670139142e+21 1.019993779688981293e+22
5.400000000000000000e+03 -0.000000000000000000e+00 5.000000000000000000e+00 8.465362745698028618e+21 9.892021548222198579e+21
5.400000000000000000e+03 5.000000000000000000e-01 5.500000000000000000e+00 8.666479080028186345e+21 1.025314382643017128e+22
5.400000000000000000e+03 -0.000000000000000000e+00 5.500000000000000000e+00 8.489674103658283794e+21 9.962887112571991622e+21
5.400000000000000000e+03 5.000000000000000000e-01 6.000000000000000000e+00 8.681322183711055151e+21 1.032519684282609199e+22
5.400000000000000000e+03 -0.000000000000000000e+00 6.000000000000000000e+00 8.516998914103997104e+21 1.004046976595602807e+22
5.500000000000000000e+03 5.000000000000000000e-01 3.000000000000000000e+00 9.281543139220876427e+21 1.080058037611428368e+22
5.500000000000000000e+03 -0.000000000000000000e+00 3.000000000000000000e+00 8.958360199884942868e+21 1.029542463041962194e+22
5.500000000000000000e+03 5.000000000000000000e-01 3.500000000000000000e+00 9.380973972933209752e+21 1.086463348385553528e+22
5.500000000000000000e+03 -0.000000000000000000e+00 3.500000000000000000e+00 9.097094428200049574e+21 1.043985722624655229e+22
5.500000000000000000e+03 5.000000000000000000e-01 4.000000000000000000e+00 9.380011647032683921e+21 1.086715694561056784e+22
5.500000000000000000e+03 -0.000000000000000000e+00 4.000000000000000000e+00 9.128584013892584210e+21 1.048774874034284056e+22
5.500000000000000000e+03 5.000000000000000000e-01 4.500000000000000000e+00 9.388078949747362103e+21 1.089807658338720154e+22
5.500000000000000000e+03 -0.000000000000000000e+00 4.500000000000000000e+00 9.132722848103856603e+21 1.050899626867547125e+22
5.500000000000000000e+03 5.000000000000000000e-01 5.000000000000000000e+00 9.407174489000579695e+21 1.093073227099545587e+22
5.500000000000000000e+03 -0.000000000000000000e+00 5.000000000000000000e+00 9.189224745133766869e+21 1.058398565949836467e+22
5.500000000000000000e+03 5.000000000000000000e-01 5.500000000000000000e+00 9.426174916480134545e+21 1.098578080444241150e+22
5.500000000000000000e+03 -0.000000000000000000e+00 5.500000000000000000e+00 9.188566115704199184e+21 1.063382211240140997e+22
5.500000000000000000e+03 5.000000000000000000e-01 6.000000000000000000e+00 9.449855825963697308e+21 1.106370424091116883e+22
5.500000000000000000e+03 -0.000000000000000000e+00 6.000000000000000000e+00 9.250615388497013375e+21 1.074230914927281622e+22
5.600000000000000000e+03 5.000000000000000000e-01 3.000000000000000000e+00 9.928392885414190383e+21 1.139490354114225137e+22
5.600000000000000000e+03 -0.000000000000000000e+00 3.000000000000000000e+00 9.762967601958759694e+21 1.105898729835643640e+22
5.600000000000000000e+03 5.000000000000000000e-01 3.500000000000000000e+00 9.965720335439053718e+21 1.142355902050583393e+22
5.600000000000000000e+03 -0.000000000000000000e+00 3.500000000000000000e+00 9.836625808979539263e+21 1.114325222835094553e+22
5.600000000000000000e+03 5.000000000000000000e-01 4.000000000000000000e+00 9.960714373286275842e+21 1.143899340667536959e+22
5.600000000000000000e+03 -0.000000000000000000e+00 4.000000000000000000e+00 9.884825990528757662e+21 1.119747667294349689e+22
5.600000000000000000e+03 5.000000000000000000e-01 4.500000000000000000e+00 1.020607997126717630e+22 1.167157769275915737e+22
5.600000000000000000e+03 -0.000000000000000000e+00 4.500000000000000000e+00 9.895975793293078299e+21 1.122966785571455553e+22
5.600000000000000000e+03 5.000000000000000000e-01 5.000000000000000000e+00 9.973283276941781107e+21 1.147108006141222506e+22
5.600000000000000000e+03 -0.000000000000000000e+00 5.000000000000000000e+00 9.930707358549203223e+21 1.130044983460305777e+22
5.600000000000000000e+03 5.000000000000000000e-01 5.500000000000000000e+00 1.000010044244562962e+22 1.153028860348929671e+22
5.600000000000000000e+03 -0.000000000000000000e+00 5.500000000000000000e+00 9.971078404821571600e+21 1.137471891891331426e+22
5.600000000000000000e+03 5.000000000000000000e-01 6.000000000000000000e+00 1.002803390727778730e+22 1.161124992388692758e+22
5.600000000000000000e+03 -0.000000000000000000e+00 6.000000000000000000e+00 1.001357418983648657e+22 1.146304916418220733e+22
