k2id ampk2 erk2 redk2 wnk2 ampk2sp erk2sp redk2sp wnk2sp amptess ertess redtess wntess amptqlp ertqlp redtqlp wntqlp shotk2 shottess pbest pbest_tqlp k2time tesstime
210899260 0.00549 0.00164 0.000974 0.000472 0.0165 0.00907 0.0387 0.00617 0.0042 0.00131 0.00059 0.000455 0.00471 0.00105 0.000583 0.000243 1.13e-05 0.000313 9.25 9.25 2457861.32 2459499.31
210666330 0.00407 0.00152 0.000127 0.000105 0.00412 0.00142 0.000611 0.000144 0.00385 0.00058 0.000603 0.00051 0.00388 0.000822 0.000629 0.00036 1.16e-05 0.000322 10.7 9.86 2457861.32 2459499.31
246794704 0.00894 0.00168 0.000521 9.38e-05 0.00913 0.00138 0.00064 0.000156 0.00515 0.00172 0.00068 0.000551 0.00731 0.00583 0.00133 0.000393 1.38e-05 0.000388 10.5 11.6 2457861.32 2458981.22
211049709 0.0102 0.000859 0.00042 0.00011 0.0107 0.00273 0.00982 0.00206 0.00708 0.00152 0.000622 0.000571 0.00732 0.00153 0.000602 0.000291 1.44e-05 0.000393 9.39 9.39 2457098.33 2459499.31
210674406 0.00506 0.000937 0.000296 6.59e-05 0.005 0.00119 0.000982 0.000193 0.0041 0.000984 0.000599 0.000672 0.00503 0.000789 0.000573 0.000334 1.75e-05 0.000463 11.6 11.3 2457098.34 2459499.31
210772796 0.000529 0.000113 0.000184 0.000183 0.00603 0.000785 0.000363 8.86e-05 0.00583 0.00135 0.00127 0.000722 0.00731 0.00234 0.00107 0.000382 1.75e-05 0.000489 11.8 11.8 2457098.34 2459499.31
210359769 0.00925 0.000567 0.000305 7.12e-05 0.00894 0.00116 0.00132 0.000272 0.0031 0.000611 0.000616 0.000701 0.00701 0.00569 0.00211 0.000753 1.85e-05 0.000482 11.8 11.8 2457098.34 2458981.22
211058178 0.00398 0.00199 0.000127 5.02e-05 0.00393 0.00217 0.000559 0.000179 0.00274 0.000843 0.000904 0.000732 0.00308 0.000536 0.00068 0.000375 1.88e-05 0.000486 12.8 12.3 2457098.34 2459486.07
247134293 0.00766 0.000945 0.000312 5.73e-05 0.00842 0.000604 0.00164 0.000354 0.00643 0.000548 0.0011 0.00126 0.00734 0.000473 0.000614 0.00042 1.93e-05 0.000538 11.8 10.4 2457861.32 2459499.31
210551925 0.00777 0.00222 0.000327 8.89e-05 0.00827 0.0021 0.00123 0.000273 0.00503 0.0011 0.00043 0.000702 0.218 0.181 0.187 0.242 1.99e-05 0.00052 11.8 9.25 2457861.32 2459512.32
248045685 0.000996 0.000382 7.25e-05 4.71e-05 0.000964 0.000412 0.000777 0.000157 0.00268 0.0019 0.00101 0.000843 0.00513 0.00438 0.00175 0.000492 2.24e-05 0.000578 19.4 12.5 2457861.32 2459499.31
247369717 0.00195 0.000745 8.85e-05 4.94e-05 0.00218 0.000628 0.000898 0.000212 0.00207 0.000423 0.000425 0.000849 0.00166 0.000392 0.000214 0.000427 2.21e-05 0.000586 6.47 6.33 2457861.32 2459499.31
246865157 0.00695 0.000574 0.000242 6.22e-05 0.00702 0.000583 0.00131 0.000293 0.00505 0.0021 0.0008 0.000828 0.0496 0.0865 0.0199 0.00488 2.19e-05 0.00059 12.3 12.8 2457861.32 2458981.22
210744818 0.00455 0.000945 0.000186 5.52e-05 0.00462 0.000614 0.000569 0.000114 0.0053 0.000619 0.000653 0.000905 0.00557 0.000237 0.00081 0.00047 2.36e-05 0.000627 13.1 12.8 2457098.34 2459499.31
246777832 0.00447 0.00115 0.000166 6.35e-05 0.00468 0.000946 0.00152 0.000342 0.00312 0.000638 0.000677 0.000922 0.00349 0.0013 0.000579 0.000468 2.6e-05 0.000654 13.1 11.6 2457861.32 2458981.22
210771915 0.00549 0.00135 0.000167 7.94e-05 0.00553 0.00129 0.000257 9.95e-05 0.00378 0.000646 0.00115 0.0011 0.00455 0.000937 0.00141 0.000608 2.89e-05 0.000759 14 14.7 2457098.33 2459499.31
246862801 0.00832 0.00139 0.000202 8.63e-05 0.00938 0.00116 0.00532 0.00105 0.00304 0.0011 0.000947 0.00152 0.028 0.0357 0.00652 0.00129 4.4e-05 0.00106 15.8 18.8 2457861.32 2458981.22
210470484 0.00952 0.00195 0.00298 0.00237 0.0156 0.0047 0.00753 0.0038 0.00829 0.00299 0.00236 0.0036 0.00724 0.0031 0.00172 0.0022 0.000102 0.00212 2.38 2.34 2457098.34 2458981.22
210865372 0.0141 0.00235 0.0022 0.000946 0.0525 0.0207 0.0966 0.0232 0.00827 0.00236 0.00355 0.00399 0.0939 0.14 0.0365 0.00825 0.000102 0.00216 12.3 12.3 2457098.34 2459486.07
210942999 0.00788 0.00145 0.00161 0.00177 0.0302 0.0084 0.0239 0.0131 0.00617 0.00176 0.00328 0.00849 0.0057 0.00211 0.00232 0.00626 0.000195 0.00407 1.81 1.81 2457098.34 2459486.07
210499476 0.00538 0.00147 0.000571 0.00187 0.0146 0.00638 0.00302 0.0059 0.00602 0.000922 0.00203 0.0055 0.00627 0.00306 0.00196 0.00328 0.000132 0.00286 0.858 0.858 2457098.34 2459486.07
211169647 0.0054 0.000881 0.00019 8.03e-05 0.00499 0.000997 0.0014 0.00044 0.0036 0.000978 0.000871 0.00107 0.00411 0.00105 0.000729 0.000519 2.72e-05 0.000672 14.3 13.4 2457098.34 2459486.07
210894955 0.00571 0.00124 0.00385 0.00178 0.106 0.00646 0.129 0.0295 0.019 nan 0.015 0.0212 0.0514 nan 0.0292 0.0177 0.00038 0.00628 26.1 16.7 2457098.34 2459460.41
210704853 0.00807 0.00199 0.000807 0.000239 0.0079 0.00144 0.00352 0.000802 0.00354 8.82e-05 0.00306 0.00325 0.0387 0.0138 0.00976 0.00205 9.33e-05 0.00186 24 28.6 2457098.34 2459486.07
210365286 0.00658 0.000739 0.00392 0.00178 0.0261 0.00821 0.0577 0.0139 0.00365 0.000335 0.0108 0.0126 0.0111 0.00215 0.0102 0.00759 0.000236 0.005 26.1 27.3 2457098.34 2458981.22
211201094 0.00552 0.000647 0.000332 9.34e-05 0.00782 0.00128 0.00833 0.00245 0.00302 0.000968 0.00123 0.00105 0.00377 0.00165 0.00131 0.000502 3.07e-05 0.000746 15 15 2457098.34 2459499.31
210579563 0.00495 0.0011 0.00101 0.00156 0.0162 0.00646 0.00705 0.00457 0.00235 0.0012 0.00297 0.00701 0.0115 0.0183 0.00535 0.00469 0.000173 0.00355 1.28 3.17 2457098.34 2459486.07
211026112 0.0042 0.00105 0.000833 0.0016 0.0308 0.0127 0.02 0.0116 0.00291 0.000634 0.0031 0.00894 0.0326 0.0568 0.0136 0.0112 0.000186 0.00434 1.32 1.34 2457098.34 2459499.31
210769813 0.00914 0.00264 0.00235 0.00193 0.0109 0.00171 0.00184 0.00146 0.00886 0.00171 0.0043 0.0101 0.00935 0.00248 0.0031 0.00631 0.000186 0.00407 1.86 1.87 2457098.34 2459486.07
210742592 0.011 0.00165 0.00307 0.00155 0.0163 0.00293 0.0112 0.00395 0.00326 nan 0.011 0.0114 0.0486 nan 0.015 0.00806 0.000233 0.00511 27.3 27.3 2457098.34 2459499.31
211036776 0.00915 0.000532 0.000314 0.000151 0.00877 0.00175 0.00823 0.00206 0.00205 0.000564 0.0012 0.00166 0.00409 0.0007 0.00203 0.00167 5.01e-05 0.00114 21.4 21.4 2457098.34 2459499.31
210490365 0.00799 0.00238 0.00169 0.00181 0.0276 0.00791 0.0186 0.0077 0.0099 0.00114 0.00297 0.007 0.0102 0.00323 0.0053 0.00442 0.000178 0.00329 1.87 1.73 2457098.34 2459512.32
210432080 0.00659 0.00273 0.0011 0.00192 0.0126 0.00351 0.00657 0.00384 0.0045 0.00201 0.00198 0.00504 0.00399 0.00198 0.00137 0.0029 0.000142 0.00277 1.45 1.44 2457098.34 2458981.22
210408563 0.0017 0.000471 0.000364 0.000154 0.0043 0.00189 0.00724 0.0021 0.00219 0.000442 0.00103 0.00158 0.00936 0.00897 0.00267 0.00103 4.88e-05 0.00108 8.59 9.25 2457098.34 2458981.22
210489127 0.00575 0.00139 0.00152 0.00102 0.0235 0.00382 0.0261 0.00912 0.00578 0.00103 0.00253 0.00634 0.0204 0.0216 0.00702 0.00563 0.000165 0.00319 3.65 3.67 2457098.34 2458981.22
211019716 0.00839 0.00439 0.00235 0.00239 0.0191 0.00926 0.000985 0.000684 0.0136 0.00412 0.00115 0.000622 0.0134 0.00389 0.0012 0.00056 1.41e-05 0.000382 1.86 1.84 2457098.34 2459499.31
210700098 0.00845 0.00234 0.00246 0.00192 0.0297 0.00945 0.0293 0.0122 0.00609 0.00111 0.00315 0.00797 0.00928 0.00634 0.00352 0.00493 0.000198 0.00393 2.34 2.31 2457098.34 2459499.31
210923016 0.00637 0.00244 3.66e-18 0.00207 0.0563 0.0245 0.00865 0.0183 0.00775 0.0018 0.00169 0.00267 0.128 0.142 0.0255 0.0193 8.5e-05 0.00166 0.579 0.784 2457861.32 2459512.32
210459199 0.0188 0.00284 0.00157 0.00159 0.024 0.00575 0.0172 0.00681 0.0152 0.0138 0.00528 0.00696 0.0167 0.0137 0.00516 0.00487 0.000176 0.00345 3.65 3.65 2457098.34 2459349.34
210828490 0.0051 0.000151 0.00339 0.00202 0.013 0.00136 0.0271 0.00928 0.00137 nan 0.00539 0.00888 0.045 nan 0.01 0.00611 0.000213 0.00421 28.6 28.6 2457861.32 2459499.31
210718930 0.0103 0.00272 0.00215 0.00245 0.0923 0.0474 0.0845 0.0293 0.00609 0.000672 0.00544 0.0144 0.00955 0.0023 0.00561 0.0135 0.000343 0.00566 2.43 2.59 2457482.59 2459486.53
210754620 0.00721 0.00172 0.000292 0.00229 0.056 0.036 0.0138 0.0153 0.00559 0.00163 0.00407 0.0124 0.00551 0.00235 0.00259 0.00858 0.000291 0.005 0.633 0.633 2457482.59 2459499.31
210743724 0.00884 0.00181 0.000735 0.000452 0.014 0.0028 0.0223 0.00507 0.00738 nan 0.00302 0.00468 0.0457 nan 0.00772 0.00316 0.00013 0.00259 28.6 28.6 2457482.59 2459499.31
210674207 0.00454 0.00185 0.000787 0.0021 0.0304 0.0125 0.00677 0.0106 0.00604 0.0017 0.00239 0.00635 0.00616 0.00133 0.00118 0.00413 0.000175 0.00316 1.05 1.05 2457482.59 2459499.31
247755982 0.0142 0.00721 0.00487 0.00247 0.0174 0.00612 0.0191 0.00629 0.008 0.0029 0.00738 0.00695 0.0195 0.0124 0.0192 0.00764 0.000185 0.00401 14 17.2 2457861.32 2459499.31
210552148 0.00381 0.00148 0.0012 0.000633 0.0193 0.00409 0.0379 0.00917 0.00216 0.0007 0.00164 0.00472 0.138 0.122 0.0816 0.0475 0.000173 0.00267 18.2 10.5 2457861.32 2459486.52
210726910 0.0123 0.00227 0.00314 0.00191 0.0158 0.00275 0.0111 0.00467 0.00485 0.00125 0.00177 0.00293 0.0144 0.016 0.00316 0.00176 8.65e-05 0.00182 3.29 3.69 2457861.32 2459499.31
210566619 0.00547 0.0019 0.000194 6.88e-05 0.0057 0.00187 0.000596 0.000165 0.00324 0.000976 0.000669 0.000893 0.0108 0.0112 0.00284 0.000487 2.61e-05 0.000654 13.4 14.7 2457861.32 2459499.31
210558541 0.0116 0.00253 0.000949 0.00286 0.0257 0.011 0.00345 0.0069 0.0186 0.00231 0.00245 0.00314 0.0188 0.00543 0.00195 0.00198 9.22e-05 0.00188 0.904 0.905 2457861.32 2459499.31
210721261 0.0606 0.0124 0.0112 0.00839 0.0697 0.0115 0.0144 0.0073 0.0177 0.00289 0.00255 0.00206 0.0185 0.00333 0.00305 0.00195 6.38e-05 0.00132 1.54 1.54 2457861.32 2459499.31
210491860 0.00386 0.000779 0.000229 0.000138 0.00502 0.00177 0.00778 0.00206 0.00238 0.000442 0.0011 0.0015 0.00799 0.00476 0.00205 0.000809 4.3e-05 0.00103 15.4 18.2 2457861.32 2458981.22
247589423 0.00323 0.000933 0.000215 7.34e-05 0.00322 0.00093 0.000541 0.000166 0.00385 nan 0.000625 0.00112 0.00395 0.00046 0.00144 0.00074 3.03e-05 0.000804 15 13.4 2457861.32 2459512.32
210596446 0.00708 0.00144 0.00101 0.000651 0.00715 0.0011 0.00846 0.00235 0.00432 0.001 0.00139 0.00174 0.0216 0.0241 0.00616 0.00105 5.21e-05 0.00119 14.3 17.2 2457861.32 2459499.31
246707008 0.011 0.00305 0.00157 0.00292 0.122 0.0729 0.0634 0.0281 0.00736 0.0038 0.00412 0.0128 0.011 0.00301 0.00306 0.0078 0.000285 0.00482 1.2 1.2 2457861.32 2458981.22
247862511 0.0247 0.00173 0.00128 0.00112 0.0269 0.00144 0.0108 0.00353 0.00724 0.00206 0.0045 0.00993 0.0628 0.0783 0.018 0.00753 0.000197 0.00449 6.61 6.2 2457861.32 2459499.31
246863569 0.00323 0.00115 0.00171 0.000398 0.0592 0.0306 0.104 0.021 0.00753 0.00228 0.00307 0.004 0.017 0.00158 0.00686 0.00389 0.000137 0.00142 17.7 14.7 2457861.32 2459499.31
247019334 0.0253 0.00298 0.0052 0.00415 0.0569 0.0211 0.0475 0.0202 0.0104 0.00212 0.00324 0.00639 0.0128 0.00779 0.00355 0.0045 0.000157 0.0033 1.69 1.7 2457861.32 2459499.31
247139505 0.0303 0.00129 0.00287 0.0013 0.0312 0.00689 0.0374 0.00759 0.00952 0.00392 0.00402 0.00468 0.0376 0.0313 0.0071 0.00284 0.000127 0.00269 18.2 17.7 2457861.32 2459499.31
247899959 0.00544 0.00384 0.0037 0.00195 0.025 0.00666 0.0543 0.0118 0.000813 0.000149 0.00916 0.0122 0.00402 0.00125 0.00978 0.00997 0.000278 0.00546 24 18.2 2457861.32 2459499.31
246900928 0.0112 0.00184 0.000474 0.000143 0.0112 0.00195 0.000657 0.000148 0.00364 0.00111 0.000582 0.000536 0.00382 0.00116 0.00058 0.000251 1.4e-05 0.000386 9.86 10.4 2457861.32 2459499.31
247110096 0.0369 0.00464 0.00505 0.00341 0.0446 0.011 0.0399 0.00905 0.0229 0.00252 0.00334 0.00447 0.0295 0.00322 0.0046 0.00362 0.000141 0.00243 4.74 4.74 2457861.32 2459499.31
247069684 0.0161 0.00317 0.00274 0.00302 0.0493 0.0212 0.0246 0.0124 0.0106 0.00105 0.00395 0.0114 0.0103 0.00195 0.00325 0.00682 0.000228 0.00463 1.46 1.46 2457861.32 2459499.31
246911984 0.00571 0.000415 0.000829 0.000607 0.0181 0.00521 0.0211 0.0057 0.00135 nan 0.00209 0.00476 0.0645 nan 0.0105 0.00268 0.000126 0.00259 28.6 28.6 2457861.32 2459499.31
246808055 0.00871 0.00255 0.000341 0.00011 0.0088 0.00263 0.00114 0.000213 0.0052 0.00217 0.000585 0.000612 0.00614 0.00266 0.000764 0.000361 1.56e-05 0.000435 9.11 9.11 2457861.32 2458981.22
247864824 0.000992 0.000466 0.000111 0.000241 0.00336 0.00122 0.00812 0.00237 0.00237 0.00089 0.00185 0.00437 0.00139 0.00108 0.000786 0.0024 0.000108 0.00242 14 15 2457861.32 2459499.31
247094343 0.00849 0.000243 0.000327 0.00017 0.00905 0.000221 0.00417 0.00109 0.00257 1.74e-05 0.000996 0.00204 0.0363 0.0327 0.00754 0.00144 6.05e-05 0.00141 21.4 17.7 2457861.32 2459499.31
247813004 0.00393 0.000949 0.000667 0.00209 0.0225 0.0076 0.0199 0.0096 0.00483 0.00118 0.006 0.0154 0.00716 0.00219 0.00621 0.0141 0.000314 0.00588 1.71 1.72 2457861.32 2459499.31
247318877 0.0171 0.001 0.00119 0.000895 0.0181 0.00168 0.00473 0.00156 0.00647 0.00106 0.00263 0.00535 0.00615 0.0013 0.00306 0.00419 0.000138 0.00309 12 12.3 2457861.32 2459499.31
246807491 0.00426 0.00113 0.000508 0.0015 0.0439 0.013 0.0307 0.0162 0.00599 0.00126 0.00265 0.00732 0.0355 0.0804 0.00868 0.00569 0.000175 0.00351 1.52 2.29 2457861.32 2458981.22
247441866 0.0038 0.00162 0.00161 0.00113 0.00907 0.00302 0.0226 0.00562 0.000759 1.89e-05 0.005 0.0106 0.00277 0.00158 0.00474 0.00812 0.000229 0.00451 18.2 21.4 2457861.32 2459499.31
247153621 0.00916 0.00423 0.000306 0.00284 0.01 0.00473 3.23e-18 0.00175 0.012 0.00151 0.00151 0.00285 0.0125 0.00537 0.00092 0.00184 8.05e-05 0.00176 0.458 0.458 2457861.32 2459499.31
247164626 0.00694 0.000335 0.000627 0.000259 0.00788 0.00176 0.00361 0.00101 0.00226 0.000544 0.0015 0.00238 0.00248 0.000856 0.00137 0.0016 6.95e-05 0.00151 22.2 20.7 2457861.32 2459499.31
247032724 0.0149 0.00314 0.000791 0.00327 0.0454 0.0212 0.00755 0.0111 0.0123 0.00171 0.00809 0.0251 0.0129 0.00674 0.00536 0.017 0.000377 0.0077 0.799 0.799 2457861.32 2459499.31
246996958 0.0147 0.000549 0.00273 0.00115 0.0185 0.00345 0.0206 0.00422 0.00337 0.000467 0.00231 0.00446 0.0276 0.025 0.0101 0.00356 0.000121 0.00254 12.3 11.1 2457861.32 2459499.31
247185579 0.0029 0.00057 0.000495 0.000332 0.00779 0.00377 0.00611 0.00134 0.00308 0.000641 0.00195 0.00448 0.00925 0.00962 0.00266 0.00278 0.000124 0.00256 16.7 14.7 2457861.32 2459499.31
247649755 0.0145 0.000568 0.00149 0.000835 0.0151 0.00178 0.00805 0.00224 0.00402 0.000176 0.00211 0.00464 0.0617 0.06 0.0223 0.00539 0.000123 0.00285 21.4 12.5 2457861.32 2459499.31
247306074 0.00725 0.00127 0.000856 0.000494 0.00829 0.00142 0.00584 0.00148 0.00321 0.000902 0.00232 0.00485 0.0126 0.00986 0.00351 0.0033 0.000123 0.00273 10.5 9.86 2457861.32 2459499.31
247783757 0.0135 0.00263 0.00361 0.00257 0.0192 0.00431 0.00608 0.00294 0.00813 0.000599 0.00165 0.00304 0.00743 0.000546 0.00102 0.00164 8.21e-05 0.00184 1.82 1.83 2457861.32 2459499.31
247013709 0.0274 0.000534 0.00433 0.00198 0.0333 0.00819 0.0438 0.011 0.00466 0.000547 0.00438 0.00822 0.034 0.0314 0.00994 0.0051 0.000182 0.00405 24 21.4 2457861.32 2459499.31
246971978 0.00116 0.000974 0.000413 0.000543 0.0218 0.0106 0.0499 0.01 0.00317 0.00018 0.00323 0.00944 0.0204 0.0253 0.00526 0.0057 0.000185 0.00455 9.54 12.5 2457861.32 2459499.31
246953721 0.0082 0.00249 0.00143 0.00228 0.0773 0.0429 0.0509 0.0197 0.00422 0.00138 0.00393 0.0118 nan nan nan nan 0.000287 0.00421 2.13 2.12 2457861.32 2459499.31
246884081 0.0199 0.0112 0.016 0.00476 0.0295 0.0154 0.0492 0.0115 0.00385 0.000612 0.0051 0.00899 8.17 7.84 2.31 0.144 0.000252 0.00451 23.1 21.4 2457861.32 2459499.31
247337843 0.000207 7.51e-05 5.91e-05 4.02e-05 0.00686 0.00353 0.000628 0.000112 0.00498 0.00217 0.000576 0.000626 0.00533 0.00208 0.000599 0.000304 1.62e-05 0.000436 10.5 9.7 2457861.32 2459499.31
247744104 0.00441 0.000648 0.000124 7.46e-05 0.00438 0.000597 0.000453 0.000145 0.00136 0.000412 0.000725 0.00148 0.000947 0.000189 0.000522 0.00076 4.17e-05 0.00101 16.2 14 2457861.32 2459499.31
246624367 0.0164 0.00581 0.00802 0.0029 0.0926 0.0485 0.134 0.0238 0.00569 0.00338 0.00877 0.0162 nan nan nan nan 0.0003 0.0057 24 12.8 2457861.32 2459499.31
247560983 0.00406 0.00119 1.66e-18 0.00215 0.00912 0.00415 0.000514 0.00346 0.00767 0.00404 0.0103 0.0311 0.0506 0.108 0.0107 0.0296 0.000474 0.0082 0.495 0.632 2457861.32 2459499.31
247969085 0.014 0.00311 0.000953 0.00331 0.0232 0.00905 0.00591 0.00652 0.00926 0.000831 0.00233 0.00431 0.00846 0.000952 0.00104 0.00251 0.00011 0.00239 1.04 1.04 2457861.32 2459499.31
246642267 0.00377 0.000462 0.000806 0.00128 0.116 0.0542 0.0843 0.0311 0.00341 0.00191 0.00234 0.0062 0.019 0.037 0.00874 0.00585 0.000184 0.00321 2.45 2.92 2457861.32 2458981.22
246928683 0.0036 0.000935 0.000799 0.00163 0.1 0.0455 0.0514 0.0258 0.0121 0.00109 0.0035 0.00994 0.0148 0.00514 0.0022 0.0065 0.000224 0.00393 1.43 1.43 2457861.32 2459499.31
248170923 0.0117 0.00262 0.00214 0.00223 0.0723 0.0201 0.0549 0.0297 0.00627 0.000798 0.00227 0.00605 0.00519 0.001 0.00153 0.00327 0.000157 0.00307 1.48 1.48 2457861.32 2459499.31
247308468 0.00956 0.00227 0.000756 0.00256 0.0105 0.00179 0.00121 0.00169 0.025 0.00194 0.00199 0.0035 0.0238 0.000995 0.00139 0.00212 9.36e-05 0.00209 0.982 0.982 2457861.32 2459499.31
247395996 0.00745 0.00173 0.00127 0.00173 0.0129 0.00409 0.00516 0.00316 0.00271 0.000784 0.00392 0.0115 0.00573 0.00353 0.00502 0.0104 0.000261 0.00493 1.44 1.69 2457861.32 2459499.31
247381505 0.0042 0.00127 0.000624 0.0005 0.00597 0.00105 0.00323 0.000993 0.0011 0.000606 0.0029 0.00772 0.00473 0.00425 0.00278 0.00712 0.000213 0.004 14.3 12.3 2457861.32 2459499.31
247793419 0.00582 0.000652 0.00108 0.000548 0.0102 0.00363 0.0157 0.00424 0.00169 0.000102 0.00202 0.00463 0.0017 9.84e-05 0.00139 0.00307 0.000118 0.00294 25 24 2457861.32 2459499.31
246690477 0.00483 0.00149 0.00131 0.00175 0.0238 0.0109 0.0184 0.00769 0.00715 0.00243 0.00248 0.00589 0.0264 0.0427 0.00385 0.00611 0.000194 0.00299 2.05 2.03 2457861.32 2458981.22
246846196 0.0046 0.00183 0.00316 0.0011 0.0546 0.0201 0.0587 0.013 0.00326 3.88e-05 0.00613 0.0127 0.0905 nan 0.0277 0.00916 0.000293 0.00495 28.6 28.6 2457861.32 2458981.22
246816464 0.00411 0.00129 0.000199 0.0019 0.0143 0.00604 5.45e-18 0.00559 0.00679 0.00119 0.00416 0.0109 0.113 0.153 0.028 0.0102 0.000242 0.00464 0.377 2.33 2457861.32 2458981.22
246838465 0.00548 0.00156 0.000954 0.00226 0.0663 0.027 0.0353 0.0223 0.00454 0.00102 0.00395 0.012 0.00896 0.00393 0.00356 0.0149 0.000387 0.005 1.45 1.45 2457861.32 2459499.31
247297768 0.00485 0.00124 0.000988 0.000967 0.0218 0.00777 0.0234 0.00804 0.00381 0.000479 0.00243 0.00663 0.00314 0.000493 0.00151 0.0043 0.000168 0.00344 3.71 3.71 2457861.32 2459499.31
210736105 0.00469 0.000182 0.000602 0.000586 0.0436 0.0113 0.0688 0.012 0.00533 0.000442 0.00257 0.00431 0.00688 0.000522 0.00234 0.004 0.000174 0.00234 20.7 16.2 2457098.34 2459499.31
210889984 0.0125 0.00152 0.000451 0.000119 0.0139 0.00449 0.0226 0.0057 0.00323 0.000472 0.000737 0.00101 0.00372 0.000632 0.000669 0.000516 2.87e-05 0.000705 11.6 11.8 2457861.32 2459499.31
