#ID amp_k2 er_k2 wn_k2 amp_tess er_tess wn_tess amp_qlp er_qlp wn_qlp pbest_k2
211037886 0.005503499138289456 0.0026614873416920377 0.0019757523747450214 0.008040785307849357 0.0023068789537674488 0.0005665616528667377 0.009770372399322772 0.0013352553330288404 0.0004509328860851208 9.228015974681638
210899260 0.005440218788158567 0.0016201264720872685 0.000853251499797055 0.0024816448781855927 0.0007995622412005867 0.0007214746906538235 0.0043778427861012005 0.001513789573362224 0.00041054892309019315 9.228015974681638
210666330 0.004088457410381116 0.0015417673209427462 0.00018242053334833406 0.0033171810261193417 0.0010027241959902553 0.0007994666553025048 0.003861468062931081 0.0006290395697149177 0.0006165831430668169 10.788442056115933
210675409 0.007334868203406925 0.0030789468250724383 0.00024847334407787614 0.003736937531293537 0.001314498505591338 0.0007796635720004857 0.0032505722353713268 0.0005425323164148197 0.000272065676361051 8.766912448994201
247363759 0.00082807455704435 0.0004449150293639903 0.0006553261623476877 0.015214898968499164 0.0035533359000777687 0.0008822271500475465 0.01609202164473171 0.0036001503949702578 0.0005097140265395569 10.312842105263158
246794704 0.009062908096565887 0.0015047279668972758 0.00015678374036058856 0.0031889813331333846 0.0010215874538441689 0.0008949319890568961 0.004324698348585463 0.000776449389275998 0.0004819894544073851 10.466646724498952
211041649 0.029299561520321784 0.007072253466959 0.00868873245695488 0.023983369649778534 0.003481772363653296 0.0016227850701460297 0.015114651369145094 0.002355325121088227 0.0008801040403807112 2.3157944499598164
210786154 0.011489429206121447 0.0018719772770740375 0.00017275554755969013 0.004678460442161159 0.0016060285645064848 0.0008625526321778064 0.006451959871810922 0.0006476360888411247 0.00042680118280118644 10.018406413612565
211049709 0.010149761639514083 0.0008392977869609448 0.00018579622528096547 0.0067379950883062955 0.0015323960125041875 0.0020341548484443784 0.006968749865425408 0.0010571492823372732 0.0005089109951474931 9.350971633642578
246875518 0.004439274121673756 0.001270990267740959 0.00011311010345474739 0.001297381993248614 0.0006222914634949114 0.0007882637304606557 0.0018635321507127945 0.0011084252588460567 0.0003808779369032678 5.235336867305062
247857331 0.01236946650929657 0.003907658370402359 0.0007091066173559238 0.018315428450404948 0.004783124062898018 0.00098846918111688 0.019032396127444524 0.004865833568492975 0.0006512338403344764 7.461918108700951
210652965 0.009306436835766322 0.0013749626619599237 0.0003830643877388527 0.004539812505467126 0.0017996320408838835 0.0009711835844473119 0.006760060706194063 0.0006264605321783166 0.0004815991422889603 10.312842105263158
247002634 0.0054709625044497 0.001950325096242131 0.00014606397939981148 0.004007016266196536 0.0017449713568684618 0.000918535386514777 0.007331392334511671 0.0013858596203737744 0.000512015984683496 10.312842105263158
210674406 0.005083781963344038 0.0009748292990570007 0.00011567392081570102 0.0022053469638249486 0.0006187332812586753 0.0010632516726915328 0.004401753065114674 0.0007487717640158446 0.0005595203980660419 11.495283240249684
210772796 0.000575606636657017 6.882362569165291e-05 0.0004922670231196187 0.0026918239567085126 0.0006538251509783223 0.0011536691076958047 0.008711560043797565 0.00024658867379948957 0.000684070594814401 12.0893385982231
210359769 0.00918590140014489 0.0005272835793025079 0.0001234825723455046 0.0014614786622957087 0.00032294822838855 0.001151716485404874 0.0049249323331963385 0.0017024818071805074 0.0008215785308082364 11.88461351836576
211058178 0.004002377441179004 0.0020408158131627295 8.594330932372135e-05 nan nan nan 0.00372915709790946 0.0005481139940924987 0.0006736312925894046 12.748139280695362
247134293 0.007595997710810845 0.0008952344839302769 0.00010401680278827206 0.0069173243321635535 0.0006273634015279828 0.0019539411020513073 0.00734735837733211 0.0007000611201411291 0.0006804575770532389 11.88461351836576
210551925 0.007787819392593859 0.0020084537494051303 0.0001608203859747293 0.001221963971424453 nan 0.0011561572198388152 0.24810624460518013 0.1567250448479966 0.37884024997159754 11.686706746826987
248045685 0.0009996026998206886 0.0004564571800051263 8.497921291674888e-05 0.00033522494610055046 7.69789974584134e-06 0.0013158649375066382 0.0017795912823516155 3.283057894720048e-05 0.0006605770394715609 18.941303843476916
247369717 0.001950278696112092 0.0007442131357444247 8.758529231228472e-05 0.0012465931986758666 7.347481557343773e-05 0.001332058467182229 0.0019014925388565551 0.0003716944252756361 0.0007076595702775323 6.4950941394855475
246865157 0.007067554691401146 0.0006041936313574743 0.00010819204746620392 0.001937088690512679 0.0005304985947208453 0.001310603093037173 0.004502591512370325 0.0009328107623434867 0.0006633958950474178 12.301240520315403
210554781 0.008292146769944763 0.0013883207564593914 0.0006367128192495113 nan nan nan 0.5481216231221758 0.5844760891748262 0.24882314535075037 11.495283240249684
210744818 0.004334441023776939 0.0007589161280464062 9.638195038675937e-05 nan nan nan 0.0059005776594710495 0.0008215005549583525 0.000876007527229277 12.983990670059374
246777832 0.004505860771628611 0.0010430345865480683 0.00010720350597585079 0.0008857017985666002 0.00016658151916857424 0.0021063864747893476 0.0029298679214153646 0.00041587970995177946 0.0007614526234925216 12.983990670059374
210771915 0.005891484041887483 0.0012246097496474912 0.0001278732691992693 0.002226754078771232 0.0007509462640290545 0.001741255873817612 0.00614836513773645 0.0002770518025308177 0.001052775606260685 14.021639569498511
246931087 0.0053095729860182395 0.000846695305401592 0.0004409800799762273 nan nan nan 0.003446186481466759 0.0007786206628883816 0.0006533239592981801 10.956875726939252
246732310 0.018785086589589585 0.0019866808796752396 0.000789435890431177 0.0014036005918226513 0.00013230744783984696 0.0018669054644065183 0.008377784045409897 0.0034029768216115855 0.0012233552430308652 12.983990670059374
210651981 0.020816922359970517 0.0068230921927972974 0.005583111317448241 0.018395319802354336 0.0032416264541261296 0.002205281109410756 0.01396864935034628 0.0027878015587083035 0.001510904338070453 2.4706962293461374
246806983 0.007591368588615028 0.0010514009154163689 0.0020350366065926473 0.00561322100144409 0.0013466549480446804 0.0020127975878766694 0.005861909073977593 0.000896097445072752 0.0012004908599954672 2.6084409844620287
246862801 0.00832848464949918 0.0014625769518120005 0.00015264702231636084 0.0008553162362899677 9.703649149639103e-05 0.002436147732466192 0.0019442361523987397 0.00026767508283748404 0.001373801796308971 15.931442695459866
210741091 0.017077789625162855 0.009163814998864114 0.0008242636089811245 0.005353268644496745 0.001204669193835075 0.002933891772638336 0.013930283689898817 0.0008710188565873224 0.0017358638825181007 11.310029553010713
210470484 0.01035620710923428 0.0017957651679551838 0.004385520486093395 0.008450351268458646 0.0028508710741957616 0.005988274833257973 0.006298294148707854 0.0013047116668451293 0.0032967421658728624 2.3785846775368302
210865372 0.0144194077261897 0.0019380712333221899 0.0017384779725192014 0.004867563145728777 0.0013133738451484394 0.005797502775062279 0.009355123443327526 0.0033775398865153678 0.0038602549474379307 12.301240520315403
246714118 0.0037318776340716175 0.00017647320143266668 0.0014313432652792075 0.0021163854113316017 4.8198903531402815e-05 0.006650090586870273 0.003233118813901323 0.0008768451207790318 0.003629655787669115 21.233636757693972
210942999 0.008152103450343638 0.0014930466015600499 0.0031821200600565926 0.005969492980665873 0.0005963175846945875 0.012894771913538659 0.005965425182120718 0.0010403176341435502 0.011458392155466157 1.808535774939083
210499476 0.005447421021783026 0.0015291815744583105 0.003609856181669278 0.006314150870033685 0.0005943679110921722 0.008249271651080279 0.005746525790442654 0.0009848485587914014 0.005423383208810572 0.8589484168037286
211169647 0.005308349026784161 0.000871138302500924 0.00013583335440339896 0.0018234073045616272 0.0003714276169405966 0.001695781941566507 0.004763320596050578 0.0006321027873663542 0.0010475297777548089 14.307494596647
211137806 0.017592742640020642 0.001372270392553586 0.0067952167059736205 0.01211433395113059 0.0003158291557035112 0.05446484791499294 0.02273738141182206 0.011046555376527385 0.03948791694121031 14.307494596647
210894955 0.005859442778745761 0.0004591575475996774 0.0030578433559074573 nan nan nan 0.021754826437485626 nan 0.025387660216930886 28.01441152922338
210704853 0.0069197528992719455 0.0016683104417072208 0.0004016008941080267 0.001239127383830398 2.217625015690783e-06 0.0052561862966343095 0.004814786856776523 0.0008306347325132789 0.003134527160987067 23.35335621662853
210365286 0.002618710333567379 0.000784494521931409 0.0033445384540246705 0.009447313258524217 0.0016877261495446192 0.019810785638851514 0.007701497082335459 0.0017878086943284809 0.013044271348511929 0.8685153008758555
211201094 0.005675550079381921 0.0007115009485050756 0.0001543711824772442 0.0010326767569439944 0.00012507098418740434 0.0016776948233745417 0.004459885150511644 0.00021668936639465246 0.0008552168501804076 15.239547038327526
210941195 0.002146099991906007 0.0002548025968761602 0.00019871194897555226 0.0007174355711953325 1.824329771068912e-05 0.0030386274512743798 0.0009003884304310275 9.097186577040755e-05 0.001952975562928248 21.896120150187734
210579563 0.005319466520366695 0.001254699983401936 0.003412182205690622 0.0027191705616838027 0.0001796226909848585 0.011003867574103238 0.0027067355562314676 0.000543796949770311 0.007139719734657944 1.2782135383234439
211026112 0.0043492524617298155 0.0010458890437380726 0.0029081470552534774 0.004183010143473927 0.0003280631610780663 0.014449052225748936 0.004236921848504692 0.001448947745733657 0.008995539471365855 1.319054748338593
210769813 0.00930877768954249 0.002414989293468833 0.003530633852705222 0.00981793737301733 0.001705460817760082 0.015956390172246933 0.008898109668967608 0.001706213850512144 0.010387895047693264 1.8612975051485283
210419589 0.02991233019109769 0.008907816830837344 0.008363180389055728 0.013895386543891301 0.004920303570461965 0.0056734212665158264 0.013542965740163827 0.003967755043362784 0.005409239352428935 2.6578336263211577
210523892 0.00716111542629037 0.0017895698121427994 0.007575083557732772 0.011204928472827143 0.00109704578487437 0.05034739766437605 0.0073835446133990335 0.001711210875655201 0.033539182492150536 0.2966144798922679
210742592 0.010440819313482086 0.0006941783549586009 0.0028047963343240806 0.008428453257045903 nan 0.017836025423798717 0.007546393493819564 nan 0.012848158188984927 28.01441152922338
210744677 0.00724035822001427 0.0021563110684116246 0.0036616952737856716 0.005978032395716098 0.0008453835104087161 0.011678501724386054 0.005163425008015453 0.0010814074856855288 0.008076949370689552 0.4813308179066934
211036776 0.008929323537398259 0.0006314733119049321 0.0002593262552360331 0.0012653420980971585 9.068503861019541e-05 0.004020420386254007 0.00991777311336231 0.0033395337366692816 0.0030129411302889254 21.233636757693972
210963067 0.009519526617669532 0.0023895714634150295 0.004420425276263413 nan nan nan 0.10230606353517283 0.04052974192122346 0.06085028338672317 1.8466050453112983
210490365 0.00791720208848098 0.002334660919520241 0.003235728861242142 0.010614942914010219 0.0006413737065571033 0.011153140053846206 0.009882866008364011 0.0014699710021115176 0.006246871831294921 1.8762256403971074
210497173 0.005085333885628781 0.0010348780853332439 0.0024398382235122653 nan nan nan 0.001990237559783892 0.00029136295708391796 0.0031102068078272017 1.8466050453112983
210432080 0.012400163752522009 0.00040670254826586077 0.0035850259173439403 0.005980617676673471 nan 0.008672325076836851 0.006416984450974818 nan 0.005127527838668863 30.4449968924798
210408563 0.00172690553293686 0.00045797129770784356 0.00027164920351704176 0.0008229692373420041 0.00017146286961972103 0.0025540983600130618 0.002429826396633943 0.0004443764957957289 0.0013952929712314696 8.55321972342506
210489127 0.005959119654572304 0.0012551265163493926 0.0017933023666895692 0.0050035117049877205 0.0016377654532305599 0.010855895024405378 0.005254926359399536 0.0013025362239083868 0.00674877863429 3.6542535732402355
210451321 0.009667727925433472 0.0019847243778747738 0.0014842596621071813 0.0043686464072797 0.0004116809799532983 0.010033350076767786 0.018665694410776056 0.007262033992651148 0.006471962750696774 10.16349226108967
211019716 0.009236765895538871 0.004605927666630764 0.004557035023211329 0.04805250874557225 0.011033757676239129 0.0202027163844443 0.013140058169562445 0.0039363636595712 0.0011046113060301159 1.8662470855366422
210700098 0.008596879769380299 0.0019895113117163283 0.0035000124248373444 0.006324216779162483 0.0005738416962358333 0.012782406614067635 0.005372000405108572 0.001409128226441876 0.008283790642989022 2.338948413835253
210923016 0.006463461496322571 0.002487986502556115 0.003776460978531742 0.006151859786685451 0.0015948948193646197 0.005653314386903744 0.08789298247277955 0.08826457026984523 0.0432256612852974 0.5790225197751332
210736105 0.00455032926055018 0.0006051764079087254 0.000975673388853052 0.004189619049062681 0.00019324672751837345 0.013051563349899532 0.009649584912621668 0.0016530053019812455 0.006658435117147426 21.896120150187734
210899231 0.005609746600145003 0.0014370934992416662 0.003482072553622627 0.004365312201792201 0.00047818931775214 0.009222446689057731 0.003816822378983282 0.0008591291892976798 0.005548514441881515 1.2246806170154254
210459199 0.019017634908307726 0.00278421622159758 0.002881347727754667 0.009968335423949783 0.0012914937480700676 0.011157016856421816 0.009035327829374905 0.0014230697117818636 0.006496283987046981 3.6542535732402355
210828490 nan nan nan 0.005030903933795527 0.0008913718277745052 0.015408121134047865 0.003408246065336419 0.0010829806221837653 0.009261285821089028 0.16298113137238723
210846111 0.003687169994664467 0.001056754734549226 0.0020339040879343217 0.004066381431341701 0.0005908315373162544 0.0063410776507822455 0.00342938949325797 0.0005356321300750395 0.0034908044898615096 1.5524891294702283
210878579 0.001283807354513386 0.00028073473061694687 0.0010499327708436582 nan nan nan 0.002272040635464389 nan 0.005727983050695438 31.825623700623698
210718930 0.010455798401910906 0.002745322656976434 0.004332341367654351 0.007370526801338003 0.0008067591248514127 0.024572944563641043 0.007716092089488289 0.0010959889077622297 0.02398234252464172 2.4195874659185206
210754620 0.007253455192276208 0.0017361934739758193 0.0039044671590232976 0.007276425865991565 0.000944146355000082 0.020946334331403083 0.006199564583762885 0.0023325969604133757 0.01434059553876893 0.6339407963019041
210742017 0.008409936944623112 0.0021677856952669666 0.0030611434300065847 nan nan nan 0.005674733450786635 0.0007069135444522149 0.01197195970550587 2.852268492640209
210667985 0.00710611840397308 0.003068455051493021 0.0017042055510389613 nan nan nan 0.09030638524769452 0.045198751264954436 0.04597487508350612 14.021639569498511
210743724 0.009258043121104915 0.0034902807587240607 0.0008435057796349493 0.0014650386784017433 3.0632526763943284e-06 0.008083136836890182 0.010561544278814835 0.0029210868766346492 0.0049542617489123485 24.157214715455172
210640966 0.0043118666666340085 0.002460401790292881 0.002044553464329417 nan nan nan 0.005711468236131642 0.0022031859339997945 0.006584578471048704 2.6987152647700476
210674207 0.00465428697151523 0.001828119633572961 0.004023744392567565 0.007714570731778538 0.0021845319935118158 0.011649715174191612 0.007042150683612518 0.0027016860419425445 0.007273443707534722 1.0536798995061347
210889984 0.012175918549986179 0.0018302736851863296 0.000207378576078801 0.0017767224111416664 0.0003733007719063821 0.001606084067974173 0.0032323954408543516 0.0003314681036044996 0.0008861100644144708 11.495283240249684
247755982 0.024654887473425785 0.001897378431667221 0.004393489463422632 0.006816908000869837 nan 0.015986417707226516 0.04281329156185182 nan 0.013797997234416964 28.01441152922338
210772187 0.025718203261385096 0.0020862747436930997 0.004645273099033334 0.008632697588863342 0.0009080214681195086 0.009745512466770353 0.016929420792250925 0.001965756690472011 0.006672441557341863 9.606981761129633
210552148 0.0038250250182690773 0.001731855308643292 0.0009720285637923927 0.0030187575237140465 nan 0.012039915400929791 0.04439308714934693 nan 0.04481198575592067 18.941303843476916
210709514 0.011987814490621421 0.0031855085209971583 0.00029676374855481104 0.003177230805285942 0.0002626897146163246 0.0011308423012969598 0.008914052700917881 0.000719093199541643 0.0006037922908920933 11.130652124517157
210726910 0.012627297447141552 0.002432603555994116 0.003397191532504157 0.004679408698549128 0.00095751877375603 0.004694669383930613 0.004678591273587147 0.0010324466564560252 0.0026660099647753278 3.294062268845404
210566619 0.005554759476117427 0.002052143464446675 0.0001171202808338989 0.0016855074759430622 0.0004598954541881507 0.001439129926145567 0.0035213496241393283 0.00076765330812579 0.0009173270693958822 13.228733459357278
210558541 0.011738112412859755 0.0024656613127000634 0.0051241454722059775 0.018614835081742127 0.002717078426296862 0.0051236264471579175 0.017272902663350617 0.0020913658973128017 0.003427176502392753 0.9043279845814165
210721261 0.06281406499608302 0.012948480070952959 0.015483907974851321 0.018883582821846042 0.0008277382710866874 0.003571825934467199 0.019728603296927993 0.004260479290027399 0.0034961131323882435 1.5422540975864698
210491860 0.003739642073108695 0.0008156575585415924 0.0002465352940476329 0.0010144978049218979 0.00012400296417815117 0.0023725576994943405 0.002626871530595878 0.0008914223171394072 0.0012131361001102802 15.239547038327526
247589423 0.0032020767548043075 0.0008818423223876706 0.00012448627513121887 0.0018271706714572677 nan 0.001824350253819842 0.005677346247453243 0.0008179185862306214 0.0020409548734630113 14.915656780951222
210596446 0.007143302154294724 0.0012716455137925463 0.0011670116247744322 0.0021752992720642677 0.0004590633766743718 0.002803058549025704 0.006656602019019415 0.001983258254057121 0.0016659067453177632 14.605247465712583
247592661 0.014539442386597563 0.004539725723871226 0.004460437565011499 nan nan nan 0.005488522864573984 0.0012052423835195007 0.001594229069199245 2.497068928604198
246707008 0.010870155248827281 0.002562374702206184 0.005621531625321002 0.009129992401395894 0.0033377914420657743 0.021771965595740798 0.009779559901648834 0.0012340706961311168 0.01320385315357909 1.1995611779629058
247862511 0.024577105998294397 0.0016495848840639203 0.00205838197038417 0.005083746071853125 0.0006289110451306253 0.015735605199436863 0.005692704586687005 0.001087106552623364 0.010021557192048391 6.617583486436832
246863569 0.0037688959895908437 0.0008878957503420629 0.0007189342407931905 0.01519313716922975 0.0018905715762825778 0.01925475311747064 0.018939766371917688 0.00047733895925993614 0.006519757804632828 18.44352409638554
247019334 0.0262409353076703 0.0026225622659934635 0.008075201354490712 0.01212736727351194 0.0007849480341407918 0.010730566844444083 0.010415169130011977 0.0016020772508160842 0.006701719436521162 1.6949703814427284
247139505 0.02992962625136615 0.002167142857174102 0.002419871578122457 0.003596499653379442 0.00013421602851226844 0.007608648812905502 0.014518278314514108 0.0006286690595545723 0.004685916792446886 18.44352409638554
247899959 0.0031005691837732476 0.0011945496620178592 0.003781326484208592 0.009804227570467448 0.0009339218986098658 0.02232612998396505 0.009235395842881923 0.001837287832236727 0.016287985146230092 0.7636189045016508
246900928 0.011189230962996517 0.001745895562752271 0.0002649831234601128 0.0027716462714772747 0.00045138707053793794 0.0008454943439940222 0.004887920487671229 0.0011436292825188655 0.0004445723216573447 9.740316551340173
247110096 0.037019844165327775 0.003567702178055872 0.0057633278632468945 0.027335478633486017 0.005814989340974487 0.009206197822374636 0.029970488420160517 0.002906688653240987 0.006619359905674104 4.740274820979292
247069684 0.016582897234934488 0.0032428186884104334 0.0056876590820899775 0.01153255878879245 0.0009938468717015862 0.0184392490121407 0.010035023483878615 0.0014137205233683127 0.0110768557746157 1.4649887253348006
246911984 0.00574110917164959 0.0001450753235028462 0.001155629021282462 0.0019947586875829443 nan 0.007675661381369273 0.0043140337977349485 nan 0.004289107103983071 28.01441152922338
246808055 0.008798924353083978 0.0025281218380084924 0.0001958451333557433 0.003294614147121547 0.0015230257673341228 0.000977520303721401 0.004859244973091097 0.0023101736621122977 0.0005710245629127968 9.108251831467777
246752527 0.015219759281758678 0.0042780534636546646 0.0027856758674948416 0.007181675969716394 0.004443569292438081 0.0035236063391351196 0.008196586230686686 0.001597581083493687 0.0018483861113233137 3.357090968900341
247282522 0.001951349634910482 0.0004213420648239788 0.0005893421520610406 0.0018916868885034016 0.0001128096328748484 0.0015208810423909833 0.0023569271475360823 0.0005383910617375843 0.0009123449822868639 1.4588979492158416
247864824 0.00135037544402104 0.0005227173040604059 0.0004458739950499088 0.0014243949410487925 9.136545669888273e-07 0.007266441752870775 0.0009625816263147714 0.00011354054524904147 0.004117273194482604 13.746983218274682
246768912 0.005185140513015541 0.0014219290111309832 0.0034762328045758995 0.00643773812567148 0.0011199299498932675 0.012031949529900852 0.005705247853941715 0.0014159741680834666 0.007223197266678947 0.5724107952473988
247218216 0.012426851087465347 0.0031576558700792943 0.004820616206836095 0.006021944620239723 0.002389034073376959 0.008354982451868949 0.0055209993718648995 0.0022555577999902425 0.005231552637658811 0.8894287509214573
246878254 0.0027198183006298003 0.0011714861395035231 0.00023855382503894324 nan nan nan 0.11576858953931246 0.03814215335558962 0.036870432226960216 5.8458637643801605
247122957 0.018156558321531374 0.004273299449011914 0.005718686959040569 0.013375480949856315 0.0018861201939618117 0.0036762677048168373 0.0137033803042904 0.0036006136170380573 0.0030322858640630603 1.5456507471728593
247144105 0.0048584927455481075 0.0003737334480479358 0.0007758180961966893 0.00215938656070349 nan 0.008598039954798468 0.010273817448810963 nan 0.007030228910074342 29.179175601620205
247094343 0.00838800408263899 0.00022470841094784385 0.00030322629170285607 0.001053461381601186 0.00012164733764601343 0.0032763625684804143 0.004777855369580424 0.000565794685981052 0.0020599808229593815 21.233636757693972
247813004 0.004012134975678832 0.0008610059448270596 0.0037778101191402124 0.008577601517939362 0.00042868428643084815 0.032199906497814554 0.007627029072293703 0.0010924975906505487 0.022903373467282245 1.711504597926042
247318877 0.0175303358396851 0.0006825289221211962 0.00174572147615637 0.003510231181755095 0.000267266725865534 0.010272914642521057 0.007398980206620438 0.0015652534387033104 0.007102897078293819 11.88461351836576
247171832 0.012279808313064664 0.0030882099794553404 0.005048545592801301 nan nan nan 0.007451942431359359 0.002434948000239995 0.00305721485666945 1.1429091384201882
246807491 0.004300079427383922 0.0010885314169471509 0.0030587448745828757 0.006037742453352225 0.0008682698502881042 0.012438648970850326 0.0049283722843982926 0.0012898917943729405 0.0074331499531362566 1.5123430109784262
246981320 0.000760572466263543 0.00019740372426480112 0.0001754731396171668 0.00047422897838944735 4.676935454906867e-05 0.0010339995319219512 0.0008200760400608097 0.0002803423139256078 0.000522498963689658 17.09569344594123
247441866 0.004739699636354878 0.0024300060181931386 0.0020642296491423656 0.005821059394903662 6.607252174264076e-05 0.020455511594783954 0.005344855338170269 0.0003574467937218929 0.014175085206559239 19.46669845811477
247153621 0.009012718282514235 0.004215396983903645 0.004840955052013414 0.011642109789726796 0.0016688434729625926 0.0046322139210583525 0.011157284902470373 0.0018137197705218237 0.0029833582961583307 0.45748472124680606
247970815 0.00518277447071296 0.0018375522110917252 0.0007025672959376735 0.010108620619155505 nan 0.0014318599186624065 0.009199439464110842 nan 0.001069051955351489 26.939067311922567
247164626 0.006988519865924096 0.00012930708400931228 0.00043942278674391965 0.0013737385398057246 0.0002943264122217537 0.004077499735521146 0.006799731347408385 2.4760999470308572e-05 0.002808081774026775 21.896120150187734
247032724 0.014973461425809088 0.00317500426022432 0.006629224835149989 0.015803813730822926 0.001405919998910292 0.041385864116625926 0.013833676827420214 0.0025508047227910417 0.028102699397021265 0.799275551494583
247230044 0.0049418735762342715 0.0015460680360538815 0.007247241648204798 0.010807218311983372 0.0010731873674161446 0.048257709891127785 0.006993287822074008 0.0016390232945107668 0.03222612617148043 0.2118943927966461
246996958 0.014734992037276939 0.0005261750379840153 0.002220225339597846 0.0027202119818295132 0.00014412853304180632 0.007800908480780252 0.00550961772981075 0.0007472849683772215 0.004503128581562276 12.0893385982231
247185579 0.002792827917982882 0.0007978188860246934 0.0005352025141913514 0.0016309244324816756 1.163746436536224e-05 0.007463878820857935 0.006804084111631706 0.00036088225372572606 0.004544138937975265 17.52253541279153
247649755 0.01518512438827084 0.00011453105628532311 0.0015328424803169084 0.002017196021653943 5.175048002580723e-05 0.00804577708611172 0.005069943792347261 0.002038090220012476 0.00581397661926316 21.233636757693972
247306074 0.006845800755886033 0.0013286025176938731 0.0009093313382562351 0.0021210894727976223 6.408178254056205e-05 0.008347940758342559 0.005681891862466615 0.0014128673213392648 0.005464245880391605 10.466646724498952
247783757 0.014236617892163489 0.0025216585084714043 0.004579729911552356 0.008272418435134139 0.0005956607828782419 0.004800780950695268 0.007528744264015263 0.0005096502187935311 0.002781959987213968 1.8273721593028636
247013709 0.026909838047058498 0.0005424054702198855 0.0034523915090129754 0.003471696500754382 3.9891147365782786e-05 0.013266704952694896 0.008350517957460661 0.00038344378481286034 0.00835844877222448 24.157214715455172
246971978 0.002539324911662358 0.0009024215642366542 0.0009421446804857375 0.002874732394591354 2.844825987106947e-07 0.015181549525152629 0.003079114615445679 4.688453905624156e-05 0.00892734714499813 23.35335621662853
247072635 0.012871735342975059 0.0035332138257667617 0.0051078833767555405 0.014556935631502413 0.0017299026773639667 0.007365460188104989 0.013344285801173458 0.0025933236385370273 0.004832443287835267 1.7283645703962969
246953721 0.008311634868238837 0.002355828741787843 0.00454781725183887 0.017554219255594083 0.001796920312993511 0.058256550236675794 nan nan nan 2.1263499670104524
246625561 0.01813055660989325 0.003079862831229071 0.00808757103356707 0.021071556388803574 0.007248950634616409 0.0030794146362986825 0.018076449885457584 0.004221188732182073 0.0037506144626950192 2.2135362536262666
246884081 0.014726261661581695 0.003388813560178521 0.009254492974419833 0.008463725308852157 0.0035005628600071454 0.026908455531030138 0.007396619084911753 0.003909893187511082 0.015603350071668012 1.2376390215309674
246990037 0.009534534772863793 0.0020150128391025488 0.004558712900040037 0.0051265239565876025 0.001472826350957746 0.01368946925009356 0.0038633219550296815 0.0013111476333982006 0.008690968376202115 1.6868224955579125
247337843 0.00023902294087528586 9.00484282818041e-05 8.181670511726154e-05 0.0037350057655584686 0.0022087717302237283 0.001001763087988969 0.005151473272055488 0.0019248819089366172 0.000508646484272215 10.312842105263158
247744104 0.004597416556998671 0.0002458917751686481 0.00012808380135311532 0.0007616672934662158 7.299003516036934e-05 0.0023547784371370293 0.0012458504037478424 0.00023881505341525935 0.0012766717332473676 16.301497504159734
246624367 0.005909689010970804 0.002022643334468789 0.005497398691482747 0.01512097364505685 0.0025055164179169477 0.05208287049532234 nan nan nan 0.8011002740873023
247560983 0.004145231818119166 0.0011848410390134865 0.0034183274325539003 0.01434066013601296 0.0014678184615312243 0.06109986166046345 0.009709932370000155 0.0034216317963244583 0.03911210930741693 0.4952573142102634
247969085 0.013999174556100833 0.0031504691492082446 0.0058884442537865235 0.009647329453321854 0.0007516212900819889 0.006926423355517833 0.008648160964226975 0.0009528938850334437 0.004204150517011014 1.0365608508153084
247288261 0.001385601999261208 0.0005235662104952807 0.00179257930118024 0.01446983701602653 0.0010828773615327507 0.05226320974696362 0.011428462819787552 0.003277244720368058 0.031916297468682464 0.7938509208061348
246787471 0.004261475953080472 0.0012295961624632162 0.0017307680397875302 0.003877190493534259 0.00023928214170893997 0.010878400677785135 0.009326873184495975 0.00878444388632806 0.006350947199223083 7.461918108700951
246642267 0.0037698613185232193 0.0005206067282953497 0.002364609074781949 0.0035537464712377693 0.0005649924236856172 0.01169450172983273 0.004321250467859084 0.0016644736407732386 0.0072967833705792065 2.4448747766542556
247444723 0.006741881027310732 0.0006302133127976063 0.0004672979369655375 0.0019768968154775164 nan 0.004968910422869805 0.02805518493689654 nan 0.012951374957623926 26.939067311922567
246928683 0.0037347329581454832 0.0009488245963124296 0.0029833980251361717 0.015190978241737988 0.002147880536570961 0.02013014020741976 0.011645274690312455 0.0010661988721726917 0.010330318078891459 1.4350330151922617
248170923 0.011932831404526507 0.00248398977512083 0.004028871839015793 0.006565470080023857 0.0005102974263030437 0.009804489944694851 0.005575269820608323 0.0009419650463430611 0.0058556119654743265 1.4804405115930468
247308468 0.009674512206729881 0.0022379221286584683 0.004257214774757961 0.026239024351225767 0.0018656656016937838 0.005801861665657945 0.023765989508957776 0.0009894843398052812 0.0034940209700303686 0.9814748770802194
246677610 0.0006907704759448612 0.00017518469064756967 0.00010558335051914125 0.00033675157391415084 1.3804044854602798e-06 0.001594973244972316 0.0007410584651092998 0.00030116468072450935 0.0007917811660034588 21.896120150187734
246953884 0.009046579376702092 0.0008093687962946442 0.00011734433544526833 nan nan nan 0.005791060873229734 0.0015964878192985085 0.0011251244602013522 12.983990670059374
247395996 0.007655028414131949 0.0016981820242891017 0.003135871695403936 0.005329331780676761 0.0004132760481118822 0.024720506869429174 0.006296676086355406 0.003740180318285001 0.016818969271805064 1.4379733458580404
248199652 0.0024302699634378196 0.0011244719773856392 0.003303849361426532 nan nan nan 0.014884152587088173 0.0012847317045101467 0.029530638109233055 16.301497504159734
247381505 0.004498624763008679 0.002188338134899412 0.0008475640962460415 0.0038865903421625137 0.00023108134790266548 0.016815753091611107 0.0036839190992825877 0.0002072509796106372 0.011728370801636656 14.307494596647
247793419 0.005938013603415712 0.0005288916510524504 0.0010009293032319764 0.001490664564442803 6.914101067416706e-05 0.007639148429660642 0.00503256145139157 0.00045489633450109196 0.0051746953258609875 25.01838610827375
246690477 0.005347245312616674 0.0015217312165596135 0.0031603910364662313 0.01129321069389712 0.0037991588916633998 0.014267082903715117 0.011209136239225566 0.002451110443215441 0.009482798177169455 2.045771559824598
247167923 0.0023565650016570505 0.0005811136049678734 0.0021481764588682888 0.010686854190797625 0.0012740760944699838 0.03828312361012468 0.024001661908346284 0.0035934838957018826 0.028401269071537918 0.46568091550514207
246846196 0.0023925090949565627 0.0010444114533381755 0.0019075897840944698 0.005257803334225459 0.0003253246865013476 0.023169339100017863 0.004946944326570684 0.0011307948633294284 0.013120752853598858 3.6733806260029698
246816464 0.004124232281530883 0.0012113422562799038 0.003832968790691431 0.007444941171466245 0.0014750586398123852 0.018212766943921866 0.006682575654817761 0.0017036518855381038 0.011627414620395408 0.37689888221390583
246838465 0.00561045755813868 0.0015505730216670841 0.0039976198474876365 0.010866426563487182 0.0012111799488892796 0.036449686668956476 0.01018764278324692 0.0033385199142150256 0.02449938633730221 1.4468670805692243
246984590 0.009858197613907955 0.001352513508862816 0.002610185859141995 nan nan nan 0.006014213832930224 0.0012505289464697792 0.008204894794452884 4.497264147478976
247297768 0.004916405673903495 0.00107337960990617 0.0017907407232703686 0.005927612928360561 0.0005964974018398863 0.01591006376037152 0.003329321901607008 0.0004883671250931601 0.007314192002880584 3.712241773897756
