k2id ampk2 erk2 redk2 wnk2 ampk2sp erk2sp redk2sp wnk2sp amptess ertess redtess wntess amptqlp ertqlp redtqlp wntqlp shotk2 shottess pbest pbest_tqlp k2time tesstime
211016313 0.0224 0.00607 7.08e-18 0.00839 0.0411 0.0164 1.23e-17 0.016 0.02 0.00457 0.0107 0.0293 0.0442 0.065 0.0237 0.0296 0.000408 0.0092 0.319 0.319 2457098.34 2459486.07
211037397 0.0076 0.00227 0.000414 0.00393 0.0419 0.0187 1.29e-17 0.0149 0.0139 0.0128 0.016 0.0332 nan nan nan nan 0.000541 0.00981 0.499 1.86 2457098.34 2459486.07
210946764 0.00355 0.000643 0.000142 0.0001 0.00438 0.00121 0.00203 0.000737 0.00246 0.00128 0.00141 0.00165 0.00295 0.00227 0.00151 0.00112 3.64e-05 0.00107 5.78 5.73 2457098.34 2459486.07
211002011 0.0116 0.00606 0.000565 0.00026 0.0114 0.00576 0.0038 0.00112 0.011 0.00174 0.00133 0.00203 0.0113 0.00165 0.00237 0.00144 4.54e-05 0.00132 7.61 6.76 2457098.34 2459486.07
210997742 0.008 0.00217 2.26e-18 0.00452 0.103 0.0631 3.4e-17 0.0408 0.0136 0.00671 0.0265 0.0692 nan nan nan nan 0.000776 0.0149 0.374 0.374 2457098.34 2459486.07
210943453 0.00745 0.00269 2.26e-18 0.00229 0.0207 0.00968 7.03e-18 0.00661 0.0215 0.0028 0.00582 0.015 0.0216 0.00335 0.00508 0.0112 0.00023 0.00563 0.414 0.827 2457098.34 2459486.07
211051561 0.014 0.00309 8.22e-18 0.00718 0.0365 0.0161 0.00187 0.0136 0.0301 0.0582 0.0251 0.0568 nan nan nan nan 0.000778 0.0118 0.473 0.71 2457098.33 2459486.07
210966931 0.00733 0.00201 0.00218 0.00224 0.0238 0.00931 0.0132 0.00739 0.0137 0.00713 0.00881 0.0229 0.0117 0.00399 0.00714 0.0181 0.000315 0.00807 1.89 1.9 2457098.34 2459486.07
210964488 0.00818 0.00196 0.000499 0.00485 0.0414 0.0176 0.00241 0.0196 0.0224 0.0127 0.0286 0.0591 nan nan nan nan 0.00077 0.0123 0.494 2.16 2457098.34 2459486.07
211051975 0.0208 0.00674 7.13e-18 0.00938 0.0529 0.0182 1.5e-17 0.0199 0.0303 0.0347 0.0249 0.0673 nan nan nan nan 0.000739 0.0134 0.549 0.549 2457098.34 2459486.07
211065162 0.0153 0.00512 0.00079 0.000279 0.0161 0.00545 0.00564 0.00178 0.0132 0.00636 0.00182 0.0023 0.0134 0.00576 0.00205 0.00165 5.28e-05 0.0015 7.52 7.16 2457098.34 2459486.07
211013159 0.0101 0.00343 5.64e-18 0.0048 0.0267 0.0132 1.25e-17 0.0128 0.00659 0.00247 0.0125 0.0362 nan nan nan nan 0.000496 0.00892 0.224 0.225 2457098.33 2459486.07
211013046 0.00629 0.00155 1.85e-18 0.00382 0.0544 0.0234 1.64e-17 0.0217 0.00672 0.00204 0.00747 0.0217 nan nan nan nan 0.000524 0.00764 0.358 0.358 2457098.34 2459486.07
210956678 0.00999 0.00279 4.24e-18 0.00557 0.034 0.015 0.00267 0.0115 0.217 0.373 0.13 0.0797 nan nan nan nan 0.000699 0.0137 0.56 1.86 2457098.34 2459486.07
211025925 0.00476 0.00143 0.000643 0.00234 0.0308 0.0149 0.00648 0.00984 0.0493 0.101 0.0172 0.0221 0.203 0.442 0.0851 0.0377 0.000356 0.00724 0.897 2.33 2457098.34 2459486.07
211008438 0.015 0.00166 0.00155 0.00109 0.0266 0.00683 0.0318 0.0104 0.0384 0.0436 0.0112 0.01 0.0339 0.0641 0.017 0.00919 0.000168 0.00395 3.76 3.71 2457098.34 2459486.07
210946466 0.0185 0.00448 0.00194 0.00396 0.0279 0.00795 0.00491 0.00644 0.0129 0.00388 0.00686 0.0201 0.0139 0.00585 0.00597 0.0159 0.000291 0.00645 1.08 1.08 2457098.34 2459486.07
210979439 0.00425 0.00121 0.000316 0.00305 0.056 0.0202 0.00458 0.0207 0.0215 0.026 0.0216 0.0507 nan nan nan nan 0.000598 0.0112 0.696 1.63 2457098.34 2459486.07
211054634 0.00559 0.00211 3.26e-18 0.00235 0.0308 0.0133 2.1e-17 0.0114 0.00619 0.00253 0.00437 0.0124 0.0108 0.0047 0.00599 0.0162 0.000349 0.0051 0.385 0.385 2457098.34 2459486.07
211070495 0.0212 0.00618 0.00334 0.00898 0.0614 0.0246 0.00884 0.0229 0.00973 0.00437 0.0128 0.036 nan nan nan nan 0.00064 0.0107 0.606 0.605 2457098.34 2459486.07
211079106 0.0458 0.0113 0.00393 0.0116 0.0605 0.0136 0.00899 0.0116 0.00908 0.00522 0.00523 0.013 nan nan nan nan 0.000538 0.00508 0.823 0.823 2457098.35 2459486.07
211036360 0.00738 0.00271 0.00199 0.00173 0.0159 0.00396 0.0112 0.00506 0.0094 0.00378 0.00312 0.00766 0.0622 0.134 0.0335 0.0146 0.000176 0.00373 2.33 2.34 2457098.33 2459486.07
211044536 0.0082 0.00248 0.000973 0.000471 0.00888 0.00214 0.000989 0.000203 0.0106 0.00336 0.000953 0.0013 0.0106 0.00317 0.000869 0.000749 2.94e-05 0.000841 4.56 4.49 2457098.34 2459486.07
211028209 0.0167 0.00366 0.00122 0.000465 0.017 0.00367 0.00231 0.0005 0.00778 0.00198 0.000979 0.00125 0.0106 0.00662 0.00172 0.000889 2.91e-05 0.000802 4.39 4.46 2457098.34 2459486.07
211039307 0.0403 0.00445 0.00102 0.00048 0.0406 0.00471 0.00703 0.0022 0.0464 0.00897 0.00746 0.00315 0.046 0.0089 0.00857 0.00279 6.7e-05 0.00184 8.35 8.24 2457098.34 2459486.07
211078393 0.0116 0.00307 6.17e-18 0.00573 0.0231 0.00842 1.39e-17 0.0087 0.035 0.0613 0.0197 0.0319 nan nan nan nan 0.000638 0.00947 0.521 1.82 2457098.34 2459486.07
211046948 0.0308 0.00622 0.00573 0.00672 0.0461 0.0126 0.0269 0.0112 0.026 0.00302 0.00951 0.0244 0.0253 0.00447 0.00916 0.0184 0.000347 0.00779 1.46 1.45 2457098.34 2459486.07
211026087 0.0126 0.00116 0.000543 0.000311 0.0142 0.00284 0.0208 0.00659 0.0132 0.00568 0.00418 0.00555 0.014 0.0038 0.00324 0.00409 0.000112 0.00279 10 9.86 2457098.34 2459486.07
211018106 0.00962 0.00278 6.22e-18 0.0051 0.0428 0.018 1.46e-17 0.0153 0.116 0.21 0.0692 0.0442 nan nan nan nan 0.000548 0.0106 0.538 1.87 2457098.34 2459486.07
211046102 0.016 0.00255 0.00203 0.000637 0.0162 0.0017 0.00133 0.000328 0.0103 0.00383 0.00135 0.00146 0.0118 0.00558 0.0017 0.000926 3.35e-05 0.000962 5.47 5.52 2457098.34 2459486.07
211067927 0.0099 0.00305 2.63e-18 0.00528 0.0267 0.0129 1.99e-17 0.0129 0.0229 0.025 0.0262 0.0652 nan nan nan nan 0.000677 0.0153 0.387 1.98 2457098.34 2459486.07
211049396 0.0132 0.00285 0.00048 0.000421 0.015 0.00196 0.00976 0.00336 0.00702 0.00279 0.00295 0.00653 0.00872 0.00385 0.00388 0.00444 0.000135 0.00335 10.9 11.8 2457098.34 2459486.07
211002985 0.00231 0.000274 0.00104 0.00217 0.0229 0.00902 0.0531 0.0168 0.0176 0.0196 0.0147 0.0264 nan nan nan nan 0.000659 0.00818 20 12.8 2457098.34 2459486.07
210998478 0.00743 0.00122 0.00212 0.00152 0.0159 0.00372 0.0275 0.00963 0.014 0.00153 0.00649 0.015 0.0212 0.00563 0.00727 0.0167 0.000303 0.00502 6.83 6.76 2457098.34 2459486.07
211077349 0.0172 0.00443 1.15e-17 0.00585 0.0273 0.00741 0.0026 0.0075 0.00528 0.00135 0.00493 0.0137 0.00671 0.0019 0.00379 0.0112 0.000276 0.00541 0.7 0.699 2457098.34 2459486.07
211059979 0.0119 0.00434 0.000862 0.00323 0.0245 0.00749 0.00412 0.00697 0.00347 0.00218 0.00249 0.00693 0.00591 0.00305 0.00405 0.0116 0.000226 0.00348 0.889 0.889 2457098.34 2459486.07
211098454 0.0163 0.00301 0.0151 0.00288 0.00828 0.000916 0.0252 0.00609 0.031 0.0299 0.0144 0.015 0.0385 0.0357 0.0163 0.0115 0.000276 0.00579 23.1 17.2 2457098.34 2459486.07
211084148 0.017 0.00368 6.69e-18 0.0102 0.0261 0.00846 0.00238 0.0108 0.0458 0.0879 0.0229 0.0333 nan nan nan nan 0.000983 0.00888 0.713 2.1 2457098.34 2459486.07
211013627 0.00257 0.000723 0.000895 0.00295 0.0445 0.0141 0.00981 0.0168 0.0096 0.00488 0.021 0.0587 nan nan nan nan 0.000684 0.0125 1.02 1.01 2457098.34 2459486.07
211071431 0.00947 0.00252 6.07e-18 0.00461 0.0219 0.00906 0.00233 0.01 0.00988 0.00493 0.0185 0.0497 nan nan nan nan 0.000644 0.0112 0.603 0.603 2457098.34 2459486.07
211106429 0.0463 0.0105 0.00755 0.00538 0.0808 0.0165 0.0705 0.0243 0.0267 0.00381 0.00367 0.00645 0.0293 0.00643 0.00319 0.00432 0.000135 0.00313 2.98 2.96 2457098.34 2459486.07
211055359 0.00634 0.00195 0.00117 0.00611 0.0726 0.0369 4.94e-17 0.0334 0.00844 0.00476 0.0117 0.0327 nan nan nan nan 0.000928 0.00888 0.496 0.496 2457098.34 2459486.07
210994935 0.011 0.00238 0.00301 0.00136 0.0177 0.00447 0.0169 0.0048 0.0195 0.00219 0.00425 0.00653 0.0192 0.0022 0.00303 0.00435 0.000117 0.00315 4.18 4.27 2457098.34 2459486.07
210974364 0.00871 0.00296 0.0023 0.00242 0.0194 0.00497 0.0136 0.00718 0.0566 0.0904 0.0208 0.0196 0.257 0.549 0.137 0.0608 0.000316 0.00614 1.98 2.31 2457098.34 2459486.07
210988354 0.0152 0.00367 3.95e-18 0.00452 0.0198 0.00562 5.29e-18 0.00503 0.0138 0.00221 0.00285 0.00789 0.0276 0.0414 9.69e-17 0.0112 0.000149 0.00372 0.325 0.325 2457098.34 2459486.07
210862226 0.00532 0.00178 0.00486 0.00252 0.0349 0.0113 0.0473 0.0104 0.0179 0.0132 0.0178 0.036 nan nan nan nan 0.00045 0.00947 23.1 15 2457098.34 2459486.07
211066186 0.0148 0.00752 0.00865 0.015 0.0317 0.0118 0.055 0.014 0.06 0.0384 0.0159 0.0183 nan nan nan nan 0.000671 0.00629 20 13.1 2457098.34 2459486.07
211064722 0.00363 0.0029 0.00369 0.00672 0.0675 0.0227 0.211 0.0524 0.0115 0.0106 0.0084 0.0177 nan nan nan nan 0.000483 0.00599 15 12.8 2457098.34 2459486.07
211053031 0.00395 0.00153 0.00295 0.00566 0.0161 0.00209 0.0371 0.013 0.0367 0.0322 0.0252 0.0432 nan nan nan nan 0.000852 0.0118 22.2 12.8 2457098.34 2459486.07
211010807 0.0076 0.00278 2.54e-18 0.00465 0.0182 0.00691 6.8e-18 0.00934 0.011 0.0065 0.0152 0.0418 nan nan nan nan 0.000567 0.0114 0.404 0.404 2457098.34 2459486.07
211078565 0.00626 0.00187 0.000631 0.00387 0.0239 0.0138 0.00149 0.00981 0.00992 0.00744 0.0192 0.0515 nan nan nan nan 0.000614 0.0125 0.366 0.366 2457098.34 2459486.07
210965155 0.00387 0.00131 0.000263 0.000227 0.00723 0.00259 0.00871 0.00236 0.0048 0.00211 0.00245 0.00518 0.00475 0.00153 0.00203 0.00328 9.66e-05 0.00274 6.47 6.83 2457098.34 2459486.07
211079830 0.0112 0.0031 6.42e-18 0.00789 0.0189 0.00676 1.56e-17 0.0108 0.00635 0.0045 0.0155 0.0399 nan nan nan nan 0.000799 0.00959 0.344 1.66 2457098.34 2459486.07
211106743 0.0179 0.00284 0.000901 0.000313 0.0212 0.00315 0.015 0.00393 0.0124 0.0026 0.00119 0.00198 0.0147 0.00275 0.00256 0.00147 4.76e-05 0.00129 6.68 6.68 2457098.34 2459486.07
211071351 0.011 0.00263 6e-18 0.00692 0.0201 0.00787 1.36e-17 0.0102 0.0606 0.0759 0.055 0.073 nan nan nan nan 0.000736 0.0138 0.416 1.22 2457098.34 2459486.07
211111400 0.0164 0.00475 0.00148 0.00477 0.0362 0.0153 0.00701 0.011 0.0131 0.00379 0.00746 0.0205 0.0115 0.00379 0.00439 0.014 0.000327 0.00735 0.707 0.575 2457098.34 2459486.07
211092430 0.019 0.00492 5.05e-18 0.00694 0.0286 0.011 1.77e-17 0.0095 0.00341 0.00129 0.00672 0.0212 nan nan nan nan 0.000711 0.00671 0.364 0.364 2457098.34 2459486.07
210977779 0.0109 0.00258 4.14e-18 0.00415 0.0427 0.0237 1.55e-17 0.0152 0.144 0.221 0.102 0.0525 nan nan nan nan 0.000699 0.0105 0.505 2.2 2457098.34 2459486.07
211049322 0.0125 0.0043 0.000863 0.00028 0.0122 0.00374 0.00103 0.000343 0.00962 0.00356 0.00113 0.00156 0.0102 0.00324 0.00174 0.00118 3.71e-05 0.00104 5.42 5.23 2457098.34 2459486.07
211030439 0.0237 0.00724 0.00595 0.00268 0.0266 0.00497 0.0166 0.0064 0.0113 0.00292 0.00336 0.00676 0.0176 0.0192 0.00566 0.00458 0.000132 0.00328 3.05 3.02 2457098.34 2459486.07
211089274 0.00922 0.00339 0.000478 0.00213 0.0114 0.0041 0.00125 0.00273 0.0172 0.00879 0.00358 0.00569 0.0186 0.00727 0.00307 0.00476 0.000117 0.00282 0.678 0.674 2457098.34 2459486.07
211047687 0.00541 0.00244 4.34e-18 0.00442 0.0116 0.00651 1.1e-17 0.00803 0.0128 0.00542 0.0143 0.0348 0.01 0.00333 0.00925 0.0272 0.000461 0.0101 0.153 0.305 2457098.34 2459486.07
211035702 0.00927 0.00131 0.000465 0.000304 0.0108 0.0029 0.00661 0.00164 0.00955 0.00362 0.00281 0.00534 0.0109 0.0041 0.00283 0.00378 0.000103 0.00292 9.54 8.84 2457098.34 2459486.07
211117077 0.0287 0.00796 0.00649 0.00303 0.0341 0.0072 0.00972 0.0038 0.0253 0.00544 0.00416 0.00576 0.0393 0.0317 0.0124 0.00641 0.000128 0.00285 3.01 3.02 2457098.34 2459486.07
211091381 0.0302 0.00122 0.00213 0.00133 0.0344 0.00225 0.0113 0.00371 0.018 0.00561 0.00367 0.00575 0.023 0.0109 0.00592 0.00456 0.000127 0.00307 4.49 4.46 2457098.34 2459486.07
211035968 0.0111 0.00443 0.00171 0.000821 0.012 0.00376 0.00178 0.000462 0.00894 0.0033 0.000968 0.00136 0.00917 0.00337 0.000847 0.00078 3.02e-05 0.000879 4.01 4.21 2457098.34 2459486.07
211096368 0.02 0.00797 0.00459 0.00357 0.0393 0.00937 0.0331 0.0282 0.0168 0.00555 0.00125 0.0012 0.017 0.00565 0.00112 0.000788 2.68e-05 0.000784 1.48 1.45 2457098.34 2459486.07
211081593 0.0216 0.00718 0.00276 0.00116 0.023 0.00736 0.00362 0.00113 0.0256 0.00489 0.00199 0.00163 0.0281 0.00895 0.00246 0.00137 3.73e-05 0.00105 4.66 4.74 2457098.34 2459486.07
211025716 0.0188 0.00857 0.00573 0.00274 0.0215 0.00852 0.00325 0.00117 0.0146 0.00416 0.00173 0.00166 0.0205 0.0124 0.00362 0.00176 3.65e-05 0.00104 2.53 2.49 2457098.33 2459486.07
211113345 0.00574 0.00284 0.000693 0.000327 0.00597 0.00307 0.000791 0.000234 0.0057 0.00174 0.000854 0.00121 0.00637 0.00192 0.000741 0.000701 2.81e-05 0.000794 4.04 4.01 2457098.34 2459486.07
211037018 0.0161 0.00129 0.00291 0.00198 0.0184 0.0038 0.0168 0.00603 0.0109 0.00415 0.0083 0.0218 0.0124 0.00698 0.00688 0.0189 0.000332 0.00686 4.42 4.39 2457098.34 2459486.07
211101761 0.00579 0.00277 0.000432 0.0015 0.0111 0.00541 0.00253 0.00279 0.013 0.00202 0.00166 0.00172 0.0133 0.00201 0.0012 0.00127 3.84e-05 0.00108 0.837 0.845 2457098.33 2459486.07
211095218 0.00899 0.0024 5.12e-18 0.00495 0.0237 0.0107 1.63e-17 0.0105 0.00725 0.00432 0.00901 0.0243 0.00639 0.00262 0.00828 0.024 0.000453 0.00797 0.347 0.346 2457098.34 2459486.07
210754915 0.016 0.00621 4.88e-18 0.00367 0.02 0.00629 5.05e-18 0.00128 0.0086 0.00523 0.0016 0.00188 0.00975 0.00551 0.00103 0.00186 4.01e-05 0.00115 0.533 0.534 2457098.34 2459486.07
211038810 0.0175 0.00419 0.00178 0.00491 0.0254 0.00558 0.00396 0.00651 0.0178 0.00331 0.00949 0.024 0.0238 0.00483 0.00905 0.0236 0.000384 0.0071 0.919 0.919 2457098.34 2459486.07
211064526 0.00313 0.000688 0.000178 0.000295 0.0059 0.00131 0.00877 0.00239 0.00324 0.00103 0.00265 0.00592 0.0197 0.0337 0.00549 0.00445 0.000119 0.0032 9.11 7.08 2457098.34 2459486.07
211097941 0.00475 0.00153 0.000325 0.003 0.0111 0.00423 0.00177 0.0048 0.00391 0.0014 0.00513 0.0138 0.00811 0.00258 0.00641 0.0184 0.000315 0.00561 0.61 0.609 2457098.34 2459486.07
210967650 0.00196 0.000892 0.000147 0.000105 0.00277 0.000593 0.00245 0.000761 0.00228 0.00092 0.000654 0.00122 0.00222 0.000923 0.000462 0.000647 2.68e-05 0.000818 3.98 4.36 2457098.34 2459486.07
211121141 0.00919 0.00427 0.000691 0.00042 0.0123 0.00449 0.00991 0.00282 0.0168 0.00737 0.00379 0.0038 0.0228 0.0214 0.00985 0.0037 8.88e-05 0.00238 5.67 5.62 2457098.35 2459486.07
211059325 0.00894 0.00324 0.00298 0.00171 0.0116 0.00306 0.000919 0.00033 0.00533 0.00126 0.000674 0.00116 0.00568 0.00126 0.000604 0.000653 2.77e-05 0.00076 2.47 2.4 2457098.34 2459486.07
211091768 0.0066 0.00269 0.00238 0.00157 0.00983 0.00246 0.00141 0.00038 0.0172 0.00458 0.0011 0.00104 0.0186 0.00523 0.00108 0.000656 2.4e-05 0.000689 2.77 2.76 2457098.34 2459486.07
211026321 0.0365 0.0124 0.00273 0.00114 0.0385 0.0123 0.00887 0.00311 0.0367 0.0297 0.00695 0.00546 0.0246 0.00987 0.00818 0.00438 0.000101 0.00272 5.9 5.9 2457098.34 2459486.07
211054027 0.00571 0.00142 0.000453 0.000173 0.00587 0.00146 0.00455 0.00118 0.0049 0.00157 0.0013 0.00208 0.00734 0.00531 0.00239 0.0015 4.67e-05 0.0013 7.16 7.42 2457098.34 2459486.07
211040347 0.00636 0.00205 4.44e-18 0.00469 0.0204 0.00872 7.07e-18 0.0088 0.00727 0.00241 0.0143 0.0419 nan nan nan nan 0.000578 0.0102 0.334 0.334 2457098.34 2459486.07
210978650 0.0204 0.00543 9.3e-18 0.0072 0.0392 0.0168 0.00195 0.0137 0.0179 0.0161 0.00873 0.0205 nan nan nan nan 0.000514 0.00628 0.462 0.462 2457098.34 2459486.07
211004687 0.0257 0.00555 0.00161 0.00762 0.0575 0.00638 0.00192 0.00689 0.0379 0.00466 0.00886 0.0238 0.0589 0.00946 0.0112 0.0287 0.000419 0.00717 0.933 0.933 2457098.34 2459486.07
211096421 0.0124 0.00351 3.44e-18 0.00586 0.021 0.00967 1.64e-17 0.00724 0.00342 0.00107 0.00255 0.00732 0.0181 0.0121 0.00753 0.0252 0.00029 0.00335 0.347 0.347 2457098.34 2459486.07
211024798 0.0339 0.00797 0.0023 0.0121 0.0466 0.00926 0.00427 0.00853 0.0349 0.00495 0.011 0.0306 0.035 0.00647 0.00985 0.0248 0.000406 0.00787 0.749 0.749 2457098.34 2459486.07
210982234 0.0452 0.0098 0.00516 0.00998 0.069 0.0193 0.0086 0.0168 0.0215 0.0404 0.00772 0.0106 0.156 0.299 0.0857 0.0504 0.000401 0.00514 0.768 2.32 2457098.34 2459486.07
211037417 0.00804 0.00286 0.00129 0.00707 0.0316 0.0184 0.00241 0.0183 0.0256 0.0163 0.0372 0.101 nan nan nan nan 0.000873 0.0153 0.19 1.8 2457098.34 2459486.07
211031520 0.00701 0.00256 0.00237 0.000188 0.00703 0.00118 0.0114 0.0031 0.0185 0.00797 0.00487 0.00259 0.0415 0.0293 0.00879 0.00302 5.81e-05 0.00161 28.6 15.8 2457098.34 2459486.07
211083408 0.0026 0.0017 0.00427 0.00635 0.0221 0.00222 0.0817 0.0323 0.00681 0.00563 0.0341 0.0034 0.015 0.0102 0.0477 0.00422 8.94e-05 0.00203 15.8 14.3 2457098.35 2459486.07
211069456 0.00338 0.000328 0.00427 0.000957 0.00188 0.000837 0.00585 0.000224 0.0022 0.0011 0.0132 0.000905 0.00175 0.000518 0.0133 0.000508 2.11e-05 0.000604 20.7 14.3 2457098.34 2459486.07
211061207 0.0154 0.00394 0.00711 0.00907 0.023 0.00264 0.0618 0.0201 0.0136 0.00347 0.0173 0.0371 nan nan nan nan 0.000658 0.00887 27.3 26.1 2457098.34 2459486.07
211129400 0.0167 0.00663 0.00403 0.00195 0.0186 0.00627 0.00743 0.00266 0.021 0.00321 0.00243 0.00416 0.0266 0.0114 0.00472 0.00291 8.92e-05 0.00227 2.84 2.79 2457098.34 2459473.29
211068914 0.0131 0.00378 0.00138 0.001 0.0143 0.00391 0.00945 0.0034 0.00929 0.00651 0.0038 0.00595 0.0174 0.0229 0.00692 0.00492 0.00012 0.00309 3.78 3.69 2457098.34 2459486.07
210922602 0.00572 0.00206 2.1e-18 0.00356 0.0321 0.0206 2.18e-17 0.0168 0.00717 0.00306 0.0175 0.0498 nan nan nan nan 0.000668 0.0115 0.196 0.196 2457098.34 2459486.07
211003154 0.00872 0.00242 0.000278 0.00503 0.0285 0.0108 0.00372 0.0129 0.00531 0.00177 0.00696 0.0196 nan nan nan nan 0.000484 0.00611 0.574 0.574 2457098.34 2459486.07
211027393 0.0202 0.00568 0.000483 0.00406 0.0254 0.00533 0.00273 0.00381 0.0295 0.00297 0.00175 0.00293 0.0302 0.00323 0.00124 0.00202 6.39e-05 0.00173 0.579 0.58 2457098.34 2459486.07
211000470 0.00594 0.00154 0.000525 0.000251 0.00641 0.00276 0.0117 0.00286 0.00541 0.00136 0.0023 0.00455 0.034 0.038 0.00821 0.00543 0.000102 0.00246 10 8.71 2457098.34 2459486.07
211100398 0.00904 0.00289 0.000769 0.00079 0.0146 0.00339 0.0106 0.00335 0.00835 0.00332 0.00151 0.00243 0.0143 0.00476 0.00144 0.00198 6.63e-05 0.00137 7.91 6.99 2457098.34 2459486.07
211100131 0.00958 0.0027 0.000284 0.000367 0.011 0.00386 0.00645 0.00196 0.00562 0.00217 0.00145 0.00304 0.0173 0.00566 0.00185 0.00249 7.5e-05 0.0016 7.91 6.99 2457098.34 2459486.07
211087985 0.00949 0.00229 0.00143 0.000916 0.0152 0.00393 0.0175 0.00514 0.0187 0.0045 0.00454 0.00732 0.439 0.671 0.114 0.0816 0.000132 0.00339 5.05 5.19 2457098.35 2459486.07
210881103 0.0101 0.00246 3.3e-18 0.00483 0.0347 0.0178 1.35e-17 0.0101 0.015 0.00376 0.0077 0.0215 0.317 1.01 0.167 0.0817 0.000383 0.00816 0.463 1.19 2457098.34 2459486.07
211023213 0.00649 0.00218 0.00092 0.00171 0.00813 0.00338 0.000797 0.000397 0.00584 0.00225 0.0007 0.000929 0.00644 0.00249 0.000556 0.000565 2.07e-05 0.000605 1.42 1.42 2457098.34 2459486.07
211103863 0.0647 0.00486 0.00478 0.00134 0.0705 0.00398 0.0212 0.00616 0.0249 0.0034 0.00103 0.00165 0.0289 0.00358 0.00159 0.00139 4.14e-05 0.00116 5.95 5.95 2457098.34 2459486.07
211038588 0.00891 0.00263 2.72e-18 0.00458 0.0292 0.0131 1.98e-17 0.0116 0.00411 0.00212 0.00752 0.0194 nan nan nan nan 0.000647 0.00625 0.551 0.717 2457098.34 2459486.07
211067768 0.0287 0.00756 0.00546 0.00464 0.0424 0.0115 0.0224 0.00948 0.00586 0.00156 0.0019 0.00487 0.0128 0.0221 0.0058 0.00533 0.000118 0.00256 1.39 1.39 2457098.34 2459486.07
211107734 0.0186 0.00134 0.00111 0.00128 0.0404 0.0102 0.0588 0.0171 0.0138 0.0104 0.00748 0.0171 0.00945 0.00601 0.00545 0.0117 0.000283 0.00592 5.52 4.93 2457098.34 2459486.07
210866744 0.0114 0.00445 0.00127 0.000401 0.0114 0.00406 0.00197 0.000534 0.0145 0.00463 0.00228 0.00184 0.0208 0.00876 0.00557 0.00186 3.75e-05 0.00112 5.95 5.62 2457098.34 2459486.07
211113696 0.00839 0.00127 0.000731 0.000418 0.0213 0.00854 0.0445 0.0128 0.00517 0.00121 0.00191 0.0047 0.00487 0.000509 0.00158 0.00311 0.000107 0.00249 6.33 6.47 2457098.34 2459486.07
211100565 0.00734 0.00232 0.00115 0.000505 0.00714 0.00211 0.000557 0.000381 0.00548 0.00249 0.000809 0.00104 0.00546 0.00195 0.000418 0.000554 2.44e-05 0.000701 3.23 3.1 2457098.34 2459486.07
211133821 0.00813 0.00326 0.000993 0.000608 0.00921 0.00325 0.00123 0.000349 0.0103 0.00238 0.00103 0.00108 0.0116 0.00287 0.00119 0.000633 2.57e-05 0.000731 3.42 3.46 2457098.35 2459486.07
211038945 0.0148 0.00256 0.00174 0.000834 0.0152 0.00224 0.00614 0.00238 0.00681 0.00294 0.00239 0.00332 0.00917 0.00698 0.00292 0.00209 6.95e-05 0.00183 5.37 5.32 2457098.34 2459486.07
211091848 0.0119 0.00505 0.0112 0.00311 0.0049 0.00138 0.0175 0.000663 0.00234 0.000533 0.0306 0.00138 0.00323 0.000773 0.0312 0.00115 3.1e-05 0.000912 20.7 18.8 2457098.34 2459486.07
211112171 0.00708 0.00159 0.000738 0.00057 0.0115 0.00525 0.0162 0.00531 0.00728 0.00541 0.0032 0.00593 0.00641 0.00514 0.00273 0.00395 0.000121 0.00308 9.25 8.97 2457098.34 2459486.07
210877263 0.00816 0.00201 4.43e-18 0.00434 0.0388 0.0227 1.79e-17 0.0136 0.00526 0.00436 0.00803 0.0213 nan nan nan nan 0.0006 0.00671 0.318 0.842 2457098.34 2459486.07
211021014 0.0217 0.00284 0.00179 0.00105 0.0236 0.00416 0.0109 0.00323 0.00702 0.00174 0.00326 0.00692 0.00834 0.00262 0.00335 0.00501 0.000136 0.00351 6.91 6.76 2457098.35 2459486.07
210997527 0.0139 0.00437 0.00275 0.00195 0.0275 0.006 0.0226 0.00857 0.0105 0.00284 0.00316 0.0054 0.018 0.00652 0.00499 0.00771 0.000135 0.00317 2.98 2.98 2457098.34 2459486.07
211027775 0.0226 0.00607 0.00188 0.00429 0.0316 0.00971 0.00394 0.00577 0.0136 0.0024 0.00263 0.00747 0.0146 0.00206 0.00231 0.00549 0.000143 0.00335 0.742 0.743 2457098.34 2459486.07
211111496 0.00244 0.00103 0.000148 0.000101 0.00453 0.00129 0.00582 0.0018 0.00464 0.00241 0.00135 0.00187 0.00481 0.0031 0.00144 0.00121 4.47e-05 0.00121 7.16 6.83 2457098.34 2459486.07
211097402 0.014 0.00137 0.000947 0.000464 0.0157 0.00314 0.0124 0.00405 0.00746 0.00238 0.00195 0.00375 0.0143 0.0125 0.00369 0.00254 8.24e-05 0.00218 7.52 8.24 2457098.34 2459486.07
211070664 0.000972 0.000224 0.000981 0.00017 0.000808 0.000127 0.00158 0.000239 0.000635 0.000319 0.00097 0.000649 0.00129 0.00119 0.00116 0.000338 1.47e-05 0.000436 20 25 2457098.34 2459486.07
211066263 0.0205 0.00221 0.000777 0.000269 0.0218 0.003 0.00326 0.00123 0.0053 0.00109 0.00117 0.00235 0.00761 0.00232 0.00184 0.00169 5.3e-05 0.00146 6.14 6.26 2457098.34 2459486.07
210991829 0.0122 0.00263 3.81e-18 0.00585 0.0589 0.031 1.98e-17 0.0257 0.0083 0.00314 0.0113 0.0313 nan nan nan nan 0.000713 0.00896 0.295 0.607 2457098.34 2459486.07
210996142 0.00677 0.00156 0.00161 0.00182 0.0153 0.0043 0.00111 0.000325 0.0106 0.00334 0.000994 0.0011 0.0103 0.00308 0.000921 0.000693 2.38e-05 0.000717 3.01 2.98 2457098.34 2459486.07
211005924 0.021 0.00498 5.05e-18 0.00648 0.0253 0.0072 6.65e-18 0.00892 0.0111 0.0026 0.00387 0.0107 0.0145 0.0031 0.00394 0.0115 0.000226 0.0042 0.285 0.285 2457098.34 2459486.07
211102393 0.00899 0.00239 0.00136 0.00104 0.0114 0.00197 0.0104 0.00451 0.00796 0.00139 0.00354 0.00715 0.0107 0.00261 0.0033 0.00631 0.000171 0.0035 7.91 8.02 2457098.34 2459486.07
210994089 0.0128 0.00396 0.00118 0.000455 0.015 0.00379 0.0051 0.00163 0.00988 0.00181 0.00107 0.00189 0.0117 0.00208 0.00211 0.00144 4.2e-05 0.00123 6.14 6.54 2457098.34 2459486.07
211038389 0.00667 0.00112 0.00063 0.000305 0.00654 0.00123 0.00119 0.000221 0.00314 0.00137 0.000726 0.0011 0.00285 0.00112 0.000448 0.000624 2.48e-05 0.000736 3.6 3.56 2457098.35 2459486.07
211114329 0.00503 0.00229 0.000799 0.000395 0.00549 0.00237 0.00107 0.000303 0.00237 0.00092 0.000619 0.00106 0.00255 0.00106 0.000334 0.000599 2.59e-05 0.000707 3.38 3.07 2457098.34 2459486.07
211025779 0.00545 0.00154 1.8e-18 0.0045 0.0098 0.00496 1.21e-17 0.00572 0.00914 0.00351 0.0247 0.0722 nan nan nan nan 0.000747 0.0139 0.282 0.282 2457098.34 2459486.07
211037012 0.015 0.00368 0.00122 0.00472 0.0243 0.00804 0.00305 0.00489 0.0194 0.027 0.0147 0.0329 nan nan nan nan 0.000527 0.00854 0.913 0.913 2457098.35 2459486.07
211093581 0.0148 0.00338 0.00174 0.00559 0.0268 0.00681 0.0059 0.00646 0.00563 0.00371 0.0072 0.0188 0.0107 0.00571 0.00768 0.0224 0.000358 0.0065 1.1 1.09 2457098.34 2459486.07
211032994 0.0174 0.00316 0.00279 0.000825 0.0182 0.00283 0.000807 0.000211 0.0118 0.00469 0.00177 0.00171 0.0129 0.00386 0.00331 0.00139 3.72e-05 0.00109 5.9 6.08 2457098.34 2459486.07
211074122 0.0374 0.00964 0.00108 0.00942 0.0431 0.00738 2.15e-17 0.00669 0.00661 0.00177 0.00228 0.0059 0.00699 0.00179 0.00199 0.00476 0.000126 0.00321 0.302 0.302 2457098.34 2459486.07
211046494 0.00722 0.00157 0.000605 0.000222 0.00843 0.00332 0.00469 0.00115 0.00585 0.00125 0.00168 0.00235 0.0102 0.00161 0.00321 0.00207 5.29e-05 0.00138 8.47 7.71 2457098.34 2459486.07
211015877 0.0478 0.0142 1.98e-17 0.0122 0.0604 0.00711 2.95e-17 0.00398 0.0245 0.00387 0.00234 0.00434 0.0262 0.00407 0.00209 0.00367 9.09e-05 0.0025 0.389 0.389 2457098.34 2459486.07
211089267 0.00754 0.00089 0.00148 0.00433 0.0349 0.0178 0.0463 0.0159 0.0156 0.0153 0.0248 0.0509 nan nan nan nan 0.00072 0.011 3.91 3.78 2457098.34 2459486.07
211083672 0.00523 0.00213 0.00173 0.00213 0.0191 0.00577 0.0124 0.00679 0.0466 0.0854 0.0159 0.018 0.167 0.338 0.0888 0.0451 0.000321 0.00637 1.82 2.31 2457098.34 2459486.07
211029254 0.0114 0.00348 3.94e-18 0.00459 0.0196 0.00796 0.00106 0.00775 0.00817 0.00506 0.0113 0.0325 nan nan nan nan 0.000463 0.00987 0.441 0.881 2457098.34 2459486.07
211024494 0.0239 0.00581 7.46e-18 0.00825 0.0561 0.025 0.00603 0.0174 0.0173 0.00691 0.0166 0.0448 nan nan nan nan 0.000526 0.0101 0.369 0.369 2457098.34 2459486.07
211011030 0.00914 0.00285 0.00269 0.00278 0.0241 0.0113 0.00982 0.00575 0.00846 0.00264 0.0102 0.0264 0.00726 0.0034 0.00658 0.0187 0.000345 0.00783 1.66 1.67 2457098.34 2459486.07
211030057 0.0107 0.00258 3.58e-18 0.00377 0.0252 0.00832 0.00054 0.00847 0.00864 0.00174 0.00642 0.0189 0.00968 0.00274 0.00388 0.0171 0.000337 0.00637 0.557 0.558 2457098.34 2459486.07
211107623 0.0149 0.00567 0.000681 0.000394 0.0165 0.00468 0.0093 0.00264 0.00737 0.00278 0.00176 0.003 0.00892 0.00378 0.00192 0.002 7.05e-05 0.00185 8.59 8.47 2457098.34 2459486.07
210922592 0.0148 0.00161 0.000485 0.000144 0.0159 0.00147 0.00429 0.00118 0.0111 0.00287 0.00185 0.00238 0.0129 0.0035 0.00243 0.00189 5.13e-05 0.00145 7.61 7.71 2457098.34 2459486.07
210989043 0.0192 0.00403 0.000624 0.00538 0.0302 0.00998 0.00519 0.00799 0.0348 0.0537 0.0146 0.0181 0.094 0.187 0.0521 0.0338 0.000394 0.00689 0.696 2.36 2457098.34 2459486.07
211090094 0.0149 0.00377 0.00118 0.00622 0.0414 0.0164 0.00525 0.0128 0.0229 0.0555 0.0229 0.0498 nan nan nan nan 0.000626 0.0118 0.754 0.707 2457098.34 2459486.07
211115713 0.0159 0.00255 0.00389 0.00323 0.0272 0.00655 0.0163 0.00705 0.00932 0.00171 0.00515 0.0138 0.0137 0.00611 0.00561 0.0129 0.000286 0.0053 2.32 2.32 2457098.34 2459486.07
211093429 0.0101 0.00278 0.000537 0.00382 0.0171 0.00575 9.64e-18 0.00584 0.017 0.0315 0.0123 0.0314 0.0247 0.0632 0.00213 0.0229 0.000402 0.00912 0.519 0.567 2457098.34 2459486.07
211001714 0.0156 0.0043 5.7e-18 0.00586 0.0316 0.012 2.33e-17 0.0126 0.0107 0.00625 0.0195 0.0507 nan nan nan nan 0.000732 0.0101 0.457 0.457 2457098.34 2459486.07
211087357 0.0148 0.00317 0.00246 0.00147 0.0158 0.0032 0.0015 0.000425 0.0233 0.00453 0.00113 0.00109 0.0239 0.00463 0.000986 0.000659 2.56e-05 0.000732 3.25 3.25 2457098.34 2459486.07
211048014 0.0209 0.00679 1.52e-17 0.0044 0.0262 0.00638 0.000562 0.00374 0.0134 0.00526 0.00209 0.00497 0.0146 0.00568 0.00181 0.00391 0.000104 0.00277 0.391 0.391 2457098.34 2459486.07
211062662 0.0333 0.00859 1.49e-17 0.00794 0.0396 0.00786 0.000638 0.00462 0.0327 0.00465 0.00173 0.00393 0.0386 0.00816 0.0014 0.00349 8.71e-05 0.00223 0.483 0.483 2457098.34 2459486.07
211104535 0.01 0.000399 0.00437 0.00395 0.0168 0.00107 0.0334 0.00908 0.0269 0.028 0.0203 0.0349 nan nan nan nan 0.000552 0.00913 28.6 12.3 2457098.34 2459486.07
211015308 0.00368 0.000745 0.000292 8.38e-05 0.00446 0.000941 0.00258 0.000637 0.00147 0.000637 0.000839 0.00147 0.00149 0.000589 0.000631 0.000819 3.17e-05 0.000922 5.14 5.14 2457098.34 2459486.07
211091536 0.0138 0.00369 0.00106 0.00458 0.0514 0.0182 0.00558 0.0166 0.0119 0.00369 0.0101 0.0281 nan nan nan nan 0.000551 0.00799 0.821 0.821 2457098.34 2459486.07
211096432 0.00733 0.00453 0.00983 0.00224 0.016 0.00648 0.0288 0.0054 0.00464 0.003 0.00807 0.0134 0.00636 0.00227 0.00722 0.00954 0.000242 0.00542 20.7 15.8 2457098.34 2459486.07
211060621 0.00231 0.00103 0.000467 0.000419 0.00274 0.000801 0.000302 0.000177 0.00202 0.000732 0.000389 0.000827 0.00197 0.000776 0.000191 0.000414 1.88e-05 0.000559 1.4 1.36 2457098.34 2459486.07
211021827 0.00904 0.00206 0.00156 0.00296 0.0389 0.0208 0.016 0.00898 0.0133 0.00557 0.00841 0.0234 0.0111 0.00269 0.00672 0.0193 0.000353 0.00751 1.37 1.36 2457098.34 2459486.07
211101996 0.0344 0.000192 0.00867 0.0202 0.0252 0.00356 0.0366 0.0134 0.0107 0.0041 0.00975 0.0137 nan nan nan nan 0.000989 0.00541 28.6 17.7 2457098.34 2459486.07
211001695 0.0306 0.00268 0.00124 0.000563 0.033 0.00298 0.0175 0.00617 0.0168 0.00551 0.00615 0.00797 0.0165 0.00341 0.0043 0.00533 0.000133 0.00354 6.54 6.61 2457098.35 2459473.29
211033726 0.006 0.00175 0.000739 0.000642 0.00802 0.00284 0.00592 0.00205 0.0204 0.00384 0.00348 0.00586 0.0249 0.00512 0.00309 0.00442 0.00012 0.00291 3.83 3.76 2457098.34 2459486.07
211063134 0.00528 0.00135 0.000609 0.00304 0.0222 0.00923 0.0048 0.0095 0.00829 0.00576 0.00804 0.0218 0.0314 0.0304 0.0143 0.0338 0.000442 0.00659 0.823 1.47 2457098.34 2459486.07
211041474 0.0181 0.00465 0.00508 0.00468 0.036 0.00917 0.0238 0.0121 0.00633 0.00488 0.00396 0.00749 0.259 0.0693 0.0349 0.0478 0.000382 0.00301 1.83 2.22 2457098.34 2459486.07
211029245 0.0132 0.00333 7.95e-18 0.00591 0.0249 0.0116 0.00467 0.00713 0.00135 0.00121 0.00259 0.00518 nan nan nan nan 0.000388 0.00172 0.7 0.701 2457098.34 2459486.07
211041683 0.00398 0.00172 0.00101 0.000643 0.005 0.00188 0.00108 0.000387 0.00523 0.00271 0.00107 0.000976 0.00441 0.00111 0.000436 0.00054 2.08e-05 0.000625 2.45 2.4 2457098.34 2459486.07
211096385 0.0315 0.00575 0.00261 0.00099 0.0336 0.00574 0.0389 0.0133 0.022 0.00283 0.0044 0.00616 0.0226 0.00909 0.00446 0.00396 0.000128 0.00314 5.47 5.62 2457098.33 2459486.07
211128863 0.0135 0.0047 0.00206 0.00115 0.0145 0.00457 0.00288 0.000713 0.00888 0.00537 0.00142 0.00128 0.00823 0.00279 0.00181 0.000935 2.99e-05 0.00085 4.52 4.56 2457098.34 2459486.07
211034343 0.0169 0.0041 0.000856 0.00891 0.03 0.0121 2.16e-17 0.014 0.00654 0.00282 0.0215 0.0591 nan nan nan nan 0.000835 0.0113 0.257 0.257 2457098.34 2459486.07
211101098 0.0117 0.00255 8.29e-18 0.00528 0.0214 0.00617 0.00281 0.00784 0.00935 0.00474 0.0173 0.0434 nan nan nan nan 0.000629 0.0101 0.716 0.716 2457098.34 2459486.07
210993561 0.0118 0.00326 0.00177 0.00265 0.023 0.00846 0.00565 0.00587 0.0084 0.00765 0.00567 0.0142 0.0697 0.134 0.0467 0.023 0.00023 0.00533 1.14 2.37 2457098.34 2459486.07
211115457 0.0129 0.00379 0.00262 0.00412 0.0248 0.00689 0.011 0.00634 0.0121 0.0126 0.00903 0.0186 0.0487 0.0954 0.0337 0.0218 0.000343 0.00589 1.72 2.34 2457098.34 2459486.07
211010149 0.0113 0.00332 7.93e-18 0.00555 0.0274 0.0109 2.08e-17 0.0123 0.00326 0.00133 0.00603 0.018 nan nan nan nan 0.000734 0.00582 0.321 0.321 2457098.34 2459473.29
210951703 0.0491 0.0123 1.29e-17 0.0101 0.0567 0.00868 1.32e-17 0.00574 0.00342 0.00133 0.00188 0.00512 0.00844 0.00924 0.00215 0.00553 0.00011 0.00239 0.399 0.399 2457098.34 2459473.29
211013604 0.0321 0.00709 1.67e-17 0.0114 0.0396 0.00769 1.99e-17 0.0099 0.00737 0.00221 0.00782 0.0197 0.00786 0.00318 0.00489 0.0135 0.000312 0.00633 0.463 0.463 2457098.34 2459473.29
211020742 0.0248 0.00708 1.2e-17 0.00794 0.0292 0.00596 1.44e-17 0.00379 0.0197 0.00508 0.00168 0.00288 0.0188 0.00485 0.000767 0.00204 5.89e-05 0.00172 0.235 0.235 2457098.34 2459486.07
211062438 0.0101 0.000487 0.00569 0.00378 0.0147 0.000645 0.0186 0.00634 0.0085 0.00123 0.0265 0.0527 nan nan nan nan 0.000604 0.0117 26.1 26.1 2457098.34 2459486.07
211029232 0.006 0.00205 0.00135 0.00103 0.00738 0.00227 0.000721 0.000189 0.00699 0.00226 0.000901 0.00103 0.00733 0.00224 0.000629 0.000587 2.29e-05 0.000675 2.91 2.8 2457098.34 2459486.07
211076761 0.00613 0.00212 0.00117 0.00671 0.0376 0.0127 2.6e-17 0.0132 0.0067 0.00366 0.00536 0.013 nan nan nan nan 0.000756 0.005 0.522 0.521 2457098.34 2459486.07
211116917 0.00605 4.13e-05 0.00581 0.00677 0.0438 0.0101 0.0623 0.0158 0.0513 0.0302 0.0228 0.0494 nan nan nan nan 0.00089 0.0111 27.3 13.1 2457098.34 2459486.07
211077464 0.0121 0.00304 0.000962 0.00323 0.0221 0.00756 0.00295 0.00495 0.0142 0.00609 0.00674 0.0178 0.283 0.0444 0.04 0.0231 0.000289 0.00609 0.92 0.92 2457098.34 2459486.07
211103033 0.0214 0.00642 0.00203 0.00697 0.0447 0.0166 0.00608 0.0114 0.0189 0.0255 0.0186 0.0207 0.0757 0.169 0.0533 0.0404 0.000455 0.00702 0.885 0.882 2457098.34 2459486.07
211126627 0.0179 0.00553 5.04e-18 0.0071 0.0256 0.00774 1.32e-17 0.00713 0.00737 0.00209 0.00655 0.0192 0.00623 0.00175 0.00373 0.0129 0.000299 0.00621 0.337 0.337 2457098.34 2459486.07
211132233 0.0168 0.00352 9.08e-18 0.00592 0.0347 0.0142 2.18e-17 0.00929 0.0235 0.021 0.0121 0.0323 nan nan nan nan 0.000517 0.00905 0.5 0.5 2457098.33 2459486.07
211023137 0.0265 0.00498 0.00343 0.00146 0.0324 0.00565 0.0208 0.00678 0.02 0.00461 0.00236 0.00394 0.0207 0.00489 0.0035 0.0029 8e-05 0.00221 3.91 3.93 2457098.34 2459486.07
210901321 0.0274 0.00622 0.0014 0.00765 0.0573 0.023 0.00598 0.0144 0.0216 0.0123 0.0156 0.0358 nan nan nan nan 0.000536 0.01 0.623 0.624 2457098.34 2459486.07
211120664 0.00292 0.00111 0.000934 0.00209 0.0453 0.0212 0.036 0.0171 0.00643 0.00261 0.00637 0.0176 0.00684 0.00198 0.00563 0.0149 0.000325 0.00648 1.5 1.49 2457098.34 2459486.07
211000411 0.0218 0.00155 0.00119 0.000763 0.0222 0.00394 0.0159 0.00515 0.0122 0.00495 0.00546 0.00993 0.0173 0.0149 0.00736 0.00735 0.00017 0.00427 8.59 8.35 2457098.34 2459486.07
211017570 0.00404 0.00152 0.000728 0.000309 0.00561 0.00148 0.00295 0.00113 0.00809 0.00411 0.00116 0.0018 0.00973 0.00503 0.00144 0.00135 4.1e-05 0.00117 3.07 3.07 2457098.34 2459486.07
210933044 0.00857 0.00195 0.000874 0.00521 0.0392 0.0184 0.00529 0.0112 0.00917 0.0089 0.0114 0.0279 nan nan nan nan 0.000763 0.00839 0.674 0.675 2457098.34 2459486.07
211008337 0.0186 0.00527 0.00278 0.00449 0.0321 0.0114 0.00455 0.00631 0.0144 0.0246 0.0101 0.0178 0.124 0.341 0.0424 0.0332 0.000404 0.00752 1.12 1.59 2457098.34 2459486.07
211016037 0.0111 0.00213 0.00177 0.000936 0.0134 0.003 0.0108 0.00302 0.0127 0.00228 0.00337 0.00561 0.0135 0.00351 0.00276 0.00403 0.000113 0.00303 5.32 5.47 2457098.33 2459486.07
211025773 0.0101 0.00302 6.39e-18 0.00726 0.0319 0.0119 2.2e-17 0.0149 0.0176 0.0101 0.02 0.0598 nan nan nan nan 0.000799 0.0119 0.526 0.52 2457098.34 2459486.07
211113202 0.0159 0.00563 0.000465 0.00363 0.021 0.00632 0.00085 0.00354 0.0439 0.00569 0.0025 0.00288 0.0462 0.00601 0.00249 0.00231 6.76e-05 0.00179 0.56 0.561 2457098.34 2459486.07
211042656 0.0108 0.00286 3.47e-18 0.00443 0.0216 0.0101 1.56e-17 0.00784 0.0448 0.0799 0.0248 0.0243 0.0945 0.217 0.0524 0.0285 0.000332 0.0073 0.339 2.34 2457098.34 2459486.07
210915466 0.00831 0.00266 2.66e-18 0.00365 0.0293 0.012 8.88e-18 0.0114 0.0843 0.15 0.0459 0.0573 nan nan nan nan 0.000613 0.0112 0.417 2.24 2457098.34 2459486.07
211089916 0.01 0.00221 6.32e-18 0.00483 0.0257 0.0104 2.04e-17 0.00921 0.0684 0.153 0.0318 0.0255 nan nan nan nan 0.000568 0.0077 0.389 1.87 2457098.34 2459486.07
211044929 0.0117 0.00289 5.79e-18 0.00512 0.0163 0.00694 1.24e-17 0.00596 0.02 0.0316 0.0165 0.027 nan nan nan nan 0.000511 0.00834 0.301 2.17 2457098.34 2459486.07
211059767 0.0214 0.00466 0.00071 0.00686 0.0435 0.00726 0.00218 0.00575 0.036 0.0343 0.0228 0.0284 0.125 0.166 0.0858 0.0429 0.000428 0.00773 0.778 2.28 2457098.34 2459486.07
211051330 0.00544 0.0011 0.000378 0.000172 0.00577 0.00133 0.00177 0.000524 0.00549 0.00181 0.00114 0.00133 0.00527 0.00225 0.00122 0.000845 2.92e-05 0.000851 4.93 4.7 2457098.34 2459486.07
210829886 0.0284 0.00732 0.00615 0.00524 0.0312 0.00282 0.00183 0.00193 0.00749 0.00175 0.0019 0.00329 0.0104 0.00177 0.00236 0.00265 8.18e-05 0.00199 1.65 1.65 2457098.34 2459486.53
211093684 0.0192 0.00437 0.00407 0.00178 0.0227 0.0039 0.0103 0.0033 0.0111 0.00283 0.00237 0.00214 0.0136 0.00348 0.00342 0.00198 5.14e-05 0.00137 7.25 7.42 2457098.34 2459486.07
211045933 0.00706 0.000831 0.000395 0.000167 0.00746 0.00139 0.00172 0.000392 0.00579 0.00209 0.00133 0.00198 0.0111 0.00451 0.00475 0.00396 3.82e-05 0.00113 6.83 7.08 2457098.34 2459486.07
210833622 0.00754 0.0022 0.00115 0.00318 0.0273 0.00927 0.0044 0.00816 0.00796 0.000841 0.0156 0.0385 nan nan nan nan 0.000528 0.0116 1.05 1.04 2457098.35 2459486.53
211046168 0.0178 0.00357 0.00233 0.00425 0.0258 0.0057 0.00499 0.00349 0.0134 0.0169 0.00783 0.0126 0.0192 0.0235 0.0131 0.0128 0.000242 0.00508 1.34 2.28 2457098.34 2459486.07
211071889 0.028 0.00208 0.0011 0.000469 0.0304 0.00348 0.0153 0.00447 0.00922 0.00225 0.00227 0.00445 0.0215 0.00573 0.00646 0.00573 0.000108 0.00193 6.4 6.4 2457098.34 2459486.07
211156183 0.0246 0.00684 0.00457 0.00618 0.0468 0.0122 0.0276 0.0133 0.0121 0.00717 0.00879 0.0186 0.0473 0.0222 0.0196 0.0274 0.00046 0.00697 1.75 6.68 2457098.34 2459486.07
211059658 0.00661 0.00225 2.55e-18 0.00315 0.0238 0.0158 0.00432 0.00932 0.0191 0.0551 0.0143 0.0215 0.0642 0.138 0.0361 0.0351 0.000449 0.00661 0.364 0.961 2457098.34 2459486.07
210950265 0.0209 0.00617 0.00554 0.00398 0.0324 0.00862 0.0185 0.00719 0.0129 0.0155 0.00533 0.00573 0.0238 0.0381 0.0129 0.0079 0.000119 0.00296 1.9 1.92 2457098.34 2459486.07
211059754 0.0114 0.00304 0.000524 0.00433 0.0363 0.0192 0.00305 0.0106 0.0267 0.0157 0.0183 0.0508 nan nan nan nan 0.000574 0.0106 0.66 0.661 2457098.34 2459486.07
211025708 0.028 0.00612 0.00242 0.00676 0.0369 0.00857 0.00368 0.00642 0.0313 0.00464 0.0143 0.0386 nan nan nan nan 0.000474 0.0096 0.98 0.982 2457098.34 2459486.07
211005706 0.00715 0.00201 0.000438 0.00335 0.0229 0.0101 1.87e-17 0.0115 0.0132 0.00878 0.0173 0.0479 nan nan nan nan 0.000561 0.0103 0.28 0.559 2457098.34 2459486.07
211060078 0.00509 0.00199 0.00162 0.00259 0.0158 0.00146 0.000943 0.00029 0.00486 0.00179 0.000757 0.00101 0.00504 0.00169 0.000693 0.000608 2.24e-05 0.000663 2.16 2.19 2457098.34 2459486.07
211161968 0.005 0.00127 0.00151 0.00825 0.0845 0.0407 2.91e-17 0.0337 0.00362 0.00158 0.0143 0.0372 nan nan nan nan 0.000852 0.00951 0.328 0.283 2457098.34 2459486.07
211147423 0.0329 0.00974 2.09e-17 0.00876 0.0713 0.0296 0.00389 0.0235 0.0173 0.0185 0.00831 0.0215 0.0263 0.0412 0.00581 0.0184 0.000357 0.00694 0.533 0.533 2457098.34 2459486.07
211019565 0.0282 0.00746 9.35e-18 0.00667 0.041 0.0129 0.00192 0.00815 0.0364 0.00869 0.0054 0.00849 0.035 0.00476 0.00313 0.00725 0.000145 0.0036 0.448 0.448 2457098.34 2459486.07
211053255 0.00942 0.00224 0.00043 0.00019 0.0107 0.00284 0.00992 0.00288 0.0072 0.00163 0.00161 0.00245 0.00902 0.00307 0.00257 0.00182 5.48e-05 0.00153 8.02 7.81 2457098.34 2459486.07
211011910 0.013 0.0029 0.000771 0.00363 0.0379 0.0107 0.00364 0.00883 0.0106 0.00232 0.00702 0.0167 0.0198 0.00413 0.00764 0.0232 0.000378 0.00606 0.924 0.924 2457098.34 2459486.07
211131748 0.00934 0.00194 0.00106 0.00142 0.0406 0.0103 0.049 0.0141 0.00722 0.00516 0.00671 0.0166 0.0315 0.0578 0.0133 0.0131 0.000297 0.00604 4.39 5.14 2457098.34 2459486.07
211038222 0.0149 0.00158 0.0047 0.00376 0.0893 0.0116 0.0945 0.0241 0.0283 0.0157 0.0289 0.0623 nan nan nan nan 0.000923 0.0119 27.3 28.6 2457098.34 2459486.07
210927253 0.0183 0.00411 0.00324 0.00456 0.096 0.0295 0.0516 0.0273 0.0214 0.00529 0.00754 0.0179 0.0507 0.0144 0.0146 0.0307 0.000372 0.00584 1.31 1.31 2457098.34 2459486.07
210927331 0.0181 0.00447 0.0032 0.00439 0.058 0.0208 0.0218 0.0146 0.0205 0.00489 0.00647 0.0163 0.0367 0.0103 0.0093 0.0209 0.000349 0.00611 1.31 1.31 2457098.34 2459486.07
211023176 0.0139 0.00173 0.000523 0.000248 0.0166 0.00328 0.0129 0.00348 0.0301 0.00355 0.00243 0.00336 0.0463 0.00744 0.00652 0.00294 7.6e-05 0.00176 7.33 7.52 2457098.34 2459486.07
210974893 0.012 0.00303 0.00897 0.00186 0.0312 0.00755 0.0677 0.0161 0.0477 0.0606 0.0178 0.0125 0.173 0.225 0.0474 0.0119 0.000253 0.00493 28.6 21.4 2457098.34 2459486.07
210939705 0.015 0.00345 4.2e-18 0.00606 0.0267 0.00999 0.00248 0.00862 0.0111 0.00383 0.0301 0.0753 nan nan nan nan 0.000697 0.015 0.469 0.469 2457098.34 2459486.07
211093203 0.0123 0.00283 0.000547 0.00471 0.0787 0.0316 0.0061 0.0248 0.0136 0.00687 0.0116 0.0326 nan nan nan nan 0.000491 0.00891 0.597 0.597 2457098.34 2459486.07
210939348 0.0126 0.00289 0.00325 0.00248 0.0169 0.0029 0.00526 0.00264 0.022 0.00523 0.00642 0.0131 0.0232 0.00803 0.005 0.00981 0.000209 0.00523 1.99 1.99 2457098.34 2459486.07
211171449 0.0208 0.00902 1.24e-17 0.00737 0.0611 0.0222 0.00309 0.0243 0.00931 0.0039 0.00516 0.0148 0.0264 0.00856 0.00895 0.0291 0.000442 0.0059 0.528 0.528 2457098.34 2459486.07
211093906 0.0151 0.00401 1.35e-17 0.00627 0.0741 0.0372 0.0164 0.0233 0.0116 0.00537 0.0134 0.0372 nan nan nan nan 0.000613 0.00925 0.693 0.693 2457098.34 2459486.07
211141637 0.0147 0.00714 0.00156 0.000825 0.0238 0.00903 0.0249 0.00734 0.0148 0.00516 0.00293 0.00419 0.0307 0.026 0.00745 0.00437 9.72e-05 0.00246 5.01 5.14 2457098.34 2459486.07
210919084 0.0242 0.00632 0.00379 0.00589 0.0443 0.013 0.0151 0.00819 0.0296 0.00794 0.00963 0.0235 0.0349 0.0119 0.0173 0.02 0.000364 0.00707 1.15 1.15 2457098.34 2459486.07
210920246 0.0129 0.00408 0.000887 0.00357 0.0219 0.00878 0.00176 0.00535 0.0154 0.00403 0.00282 0.00693 0.0169 0.0062 0.00147 0.00544 0.000133 0.00334 0.553 0.553 2457098.34 2459486.07
210965731 0.00786 0.00292 9.86e-18 0.00267 0.0157 0.00538 0.00325 0.00456 0.0075 0.0025 0.00483 0.012 0.0328 0.0829 0.00811 0.017 0.000252 0.00474 0.642 1.08 2457098.34 2459486.07
211150258 0.00702 0.0022 5.21e-18 0.00578 0.017 0.0102 8.74e-18 0.0126 0.00854 0.00639 0.0133 0.0274 nan nan nan nan 0.000801 0.00798 0.171 2.25 2457098.34 2459486.07
211120561 0.0364 0.00975 0.00917 0.00522 0.0504 0.0101 0.018 0.00689 0.0144 0.00451 0.00327 0.00621 0.016 0.00877 0.00375 0.00416 0.000125 0.00315 2.49 2.5 2457098.34 2459486.07
211168863 0.00751 0.00223 0.00135 0.00806 0.0261 0.0139 1.07e-17 0.0158 0.0124 0.00452 0.0387 0.102 nan nan nan nan 0.000834 0.0172 0.292 0.292 2457098.34 2459486.07
211068400 0.0229 0.00688 0.0032 0.00117 0.027 0.00655 0.015 0.00476 0.0239 0.00832 0.00152 0.00151 0.0263 0.00927 0.00211 0.00124 3.57e-05 0.000996 4.06 4.09 2457098.34 2459486.07
211128116 0.00503 0.00132 0.00265 0.00416 0.0265 0.00365 0.0577 0.0136 0.0113 0.0112 0.00827 0.015 nan nan nan nan 0.000531 0.00654 26.1 14.7 2457098.34 2459486.07
211048116 0.00996 0.00312 0.00656 0.00288 0.0307 0.00384 0.0586 0.0161 0.00777 0.00449 0.0141 0.0322 0.0177 0.00557 0.0174 0.0242 0.000422 0.00787 26.1 27.3 2457098.34 2459486.07
211041682 0.0171 0.00404 0.00285 0.00537 0.0796 0.0215 0.0533 0.027 0.00968 0.00283 0.00987 0.026 nan nan nan nan 0.000484 0.00733 1.55 1.55 2457098.34 2459486.07
211087059 0.0488 0.0148 0.00421 0.011 0.0534 0.00587 0.000606 0.00137 0.0308 0.00356 0.00151 0.00136 0.0323 0.00371 0.00201 0.00143 3.04e-05 0.000887 0.689 0.692 2457098.34 2459486.07
211084620 0.0157 0.00326 0.00306 0.0014 0.0278 0.00814 0.0338 0.00874 0.0307 0.0029 0.00553 0.00583 0.029 0.00446 0.00676 0.00431 0.000113 0.00303 4.63 4.63 2457098.34 2459486.07
210931244 0.00627 0.0015 0.00171 0.00118 0.021 0.00938 0.0242 0.00942 0.00773 0.00193 0.00517 0.0114 0.0115 0.00925 0.0109 0.00934 0.000184 0.00454 2.77 2.77 2457098.34 2459486.07
211102300 0.00904 0.00356 4.37e-18 0.0128 0.0266 0.0146 1.09e-17 0.0177 0.0229 0.0177 0.0315 0.0868 nan nan nan nan 0.00109 0.0151 0.225 0.225 2457098.34 2459486.07
211069510 0.0206 0.00455 0.00417 0.00436 0.067 0.0288 0.0587 0.0263 0.0142 0.0139 0.00971 0.0199 0.0178 0.0149 0.00664 0.0162 0.000365 0.00671 1.83 2.2 2457098.34 2459486.07
210776021 0.00621 0.00151 0.00288 0.00242 0.00996 0.00262 0.00474 0.0034 0.00515 0.00327 0.0071 0.0189 0.0492 0.147 0.0205 0.0191 0.000298 0.00655 2.45 1.47 2457098.34 2459486.07
210784223 0.0386 0.00977 1.97e-17 0.0107 0.0461 0.00377 1.06e-17 0.00426 0.0127 0.00173 0.00226 0.00347 0.013 0.0045 0.00111 0.00258 7.07e-05 0.00199 0.268 0.269 2457098.34 2459486.07
211049922 0.0359 0.00832 0.00603 0.00291 0.0407 0.00631 0.0156 0.00601 0.0135 0.00274 0.00266 0.00543 0.0144 0.00327 0.00233 0.0038 0.000106 0.00276 3.02 3.04 2457098.34 2459486.07
211062846 0.00941 0.00235 0.00058 0.0061 0.105 0.0483 0.00864 0.0327 0.00917 0.0036 0.0141 0.0447 nan nan nan nan 0.000859 0.01 0.503 0.503 2457098.34 2459486.07
210846442 0.0136 0.00359 0.00196 0.00387 0.0212 0.00489 0.00518 0.00541 0.0169 0.002 0.00649 0.0178 0.023 0.0171 0.00638 0.0149 0.000292 0.00719 1.12 1.12 2457098.34 2459499.31
211152884 0.00656 0.0021 0.00118 0.00723 0.0382 0.0169 1.24e-17 0.0138 0.00525 0.00312 0.0098 0.0286 nan nan nan nan 0.000581 0.00821 0.469 0.22 2457098.34 2459486.07
211062206 0.0105 0.00282 0.0016 0.00233 0.0301 0.00962 0.00908 0.00762 0.0182 0.0279 0.00779 0.0104 0.0227 0.0297 0.0137 0.0111 0.000199 0.0044 1.14 1.13 2457098.34 2459486.07
211116507 0.0468 0.00689 0.00652 0.00286 0.0486 0.00355 0.01 0.00357 0.0326 0.00578 0.00411 0.00511 0.0359 0.00811 0.00602 0.00387 0.000107 0.00292 3.32 3.31 2457098.34 2459486.07
210769047 0.01 0.00282 0.00837 0.00514 0.0189 0.00289 0.0132 0.00387 0.0323 0.0205 0.0258 0.0406 nan nan nan nan 0.000639 0.00962 27.3 26.1 2457098.34 2459486.07
211007344 0.00949 0.00275 0.000734 0.000425 0.0158 0.00378 0.0218 0.00537 0.00345 0.00219 0.00338 0.0089 0.00482 0.00301 0.00281 0.00594 0.000157 0.00428 7.25 6.91 2457098.34 2459486.07
211065006 0.0312 0.0102 0.00266 0.00125 0.0362 0.0129 0.017 0.00405 0.01 0.00363 0.00275 0.00291 0.0179 0.0133 0.00635 0.00252 6.22e-05 0.00177 7.33 7.42 2457098.34 2459486.07
211067702 0.00704 0.00196 0.000307 0.000126 0.0103 0.0038 0.00956 0.00241 0.00258 0.00137 0.00103 0.00216 0.00333 0.00178 0.00114 0.00143 4.85e-05 0.00139 7.81 6.99 2457098.34 2459486.07
211059949 0.0179 0.00659 0.00456 0.00362 0.0378 0.0124 0.0168 0.00913 0.0232 0.00163 0.00379 0.00673 0.0262 0.00359 0.00326 0.00549 0.000136 0.00323 1.68 1.68 2457098.34 2459486.07
211147344 0.0194 0.00537 5.92e-18 0.00607 0.0333 0.00981 9.13e-18 0.0115 0.0218 0.0163 0.011 0.0348 nan nan nan nan 0.00051 0.0107 0.542 0.542 2457098.33 2459499.31
211057850 0.0143 0.00387 4.93e-18 0.00746 0.0599 0.0357 2.21e-17 0.028 0.0106 0.0109 0.0118 0.0264 nan nan nan nan 0.000756 0.0085 0.302 1 2457098.34 2459486.07
211065426 0.0157 0.00409 0.000718 0.00693 0.0541 0.0282 0.00729 0.0144 0.0179 0.00761 0.0108 0.0298 nan nan nan nan 0.000476 0.00818 0.621 0.621 2457098.34 2459486.07
210974237 0.0109 0.00315 0.00276 0.00225 0.0154 0.00396 0.00595 0.00272 0.0176 0.00404 0.0036 0.00612 0.0228 0.0144 0.0056 0.00472 0.000117 0.00292 1.89 1.87 2457098.34 2459486.07
210926194 0.00929 0.00242 0.00102 0.00374 0.0503 0.0279 0.0115 0.0181 0.0225 0.0388 0.0184 0.0293 nan nan nan nan 0.000572 0.00766 0.954 1.85 2457098.34 2459486.07
210948982 0.016 0.00396 8.23e-18 0.00541 0.035 0.0123 1.01e-17 0.012 0.0155 0.0121 0.00947 0.0243 0.0147 0.00483 0.00712 0.0231 0.000397 0.00743 0.56 0.56 2457098.34 2459499.31
211110672 0.0174 0.00399 1.15e-17 0.00601 0.0797 0.0437 0.0167 0.0274 0.0235 0.00506 0.0101 0.0306 0.0254 0.00768 0.0084 0.0253 0.000456 0.00945 0.568 0.568 2457098.34 2459499.31
211033935 0.00646 0.00196 0.000498 0.00238 0.0418 0.0175 0.0182 0.0147 0.00328 0.00242 0.00499 0.0154 0.0109 0.00694 0.00751 0.0216 0.000339 0.00669 1.12 0.988 2457098.34 2459499.31
210957703 0.00491 0.00177 0.000315 0.003 0.0383 0.0251 1.95e-17 0.0207 0.00601 0.00257 0.0121 0.0364 nan nan nan nan 0.000491 0.00957 0.225 0.225 2457098.34 2459499.31
211029135 0.00815 0.00236 0.00068 0.00653 0.046 0.022 1.87e-17 0.0224 0.0137 0.00496 0.0179 0.0542 nan nan nan nan 0.000716 0.0122 0.286 0.286 2457098.34 2459486.07
211063235 0.0261 0.00609 0.0048 0.0059 0.0359 0.00911 0.00816 0.00678 0.0278 0.0204 0.0112 0.021 0.0279 0.0298 0.0104 0.0151 0.000315 0.00687 1.14 1.14 2457098.34 2459486.07
211058381 0.00584 0.0016 0.000667 0.00294 0.0523 0.0199 0.00875 0.0214 0.0109 0.0102 0.013 0.0324 nan nan nan nan 0.000565 0.00899 0.67 2.22 2457098.34 2459486.07
211069863 0.0186 0.00453 6.87e-18 0.00495 0.0316 0.00931 0.0028 0.0075 0.0132 0.00705 0.00657 0.0173 0.0213 0.0255 0.00913 0.0155 0.000308 0.00621 0.766 0.766 2457098.34 2459486.07
210872505 0.0304 0.00779 1.65e-17 0.00656 0.044 0.0118 1.3e-17 0.0072 0.032 0.0565 0.0152 0.0103 0.102 0.177 0.0696 0.0306 0.000209 0.00411 0.534 1.44 2457098.34 2459486.07
211059880 0.0452 0.00985 0.00268 0.00934 0.0564 0.013 0.0062 0.00999 0.0147 0.00412 0.00883 0.0247 0.0192 0.00433 0.00813 0.0246 0.000433 0.00748 0.731 0.731 2457098.35 2459486.07
211071863 0.0068 0.0017 0.000395 0.0038 0.0247 0.0116 1.62e-17 0.0104 0.0166 0.0137 0.0195 0.048 nan nan nan nan 0.000671 0.0107 0.515 1.17 2457098.34 2459486.07
211046046 0.0128 0.00325 0.000992 0.000596 0.0139 0.00361 0.0138 0.0043 0.0102 0.00147 0.00328 0.00596 0.012 0.00284 0.00377 0.00501 0.000139 0.00327 7.81 8.13 2457098.34 2459486.07
211038660 0.0189 0.00421 0.00468 0.00258 0.0263 0.00446 0.0187 0.00767 0.0199 0.0221 0.00662 0.00921 0.068 0.129 0.0318 0.016 0.000212 0.00417 3.01 2.84 2457098.34 2459486.07
211025007 0.0388 0.00791 0.00757 0.00814 0.0764 0.0194 0.0497 0.0265 0.0244 0.0188 0.0137 0.0296 0.032 0.0206 0.0187 0.0268 0.00044 0.00797 1.55 1.54 2457098.34 2459486.07
211076650 0.0292 0.00624 0.00284 0.00166 0.0325 0.00752 0.0176 0.00581 0.0181 0.00423 0.00407 0.00491 0.026 0.0127 0.00618 0.00474 0.000125 0.00269 4.81 4.93 2457098.34 2459486.07
211105839 0.00415 0.00138 1.16e-18 0.00272 0.00656 0.00388 0.000727 0.00578 0.0303 0.00337 0.0043 0.012 0.0297 0.00444 0.00323 0.00958 0.000221 0.00508 0.128 0.128 2457098.34 2459486.07
211099232 0.00605 0.00158 0.000793 0.00441 0.0418 0.0156 0.00325 0.0173 0.00758 0.00228 0.0146 0.0405 nan nan nan nan 0.00079 0.0106 0.579 0.578 2457098.34 2459486.07
211005117 0.01 0.00217 0.00314 0.0022 0.0152 0.00319 0.0142 0.00588 0.0168 0.00195 0.00877 0.0202 0.0156 0.00309 0.00651 0.0156 0.000289 0.00654 2.32 2.32 2457098.34 2459486.07
211006594 0.0112 0.00327 3.62e-18 0.00345 0.0162 0.00625 0.00185 0.00456 0.0153 0.00167 0.00387 0.0101 0.0153 0.00246 0.00296 0.00745 0.000173 0.0042 0.574 0.574 2457098.34 2459486.07
211101750 0.0104 0.00109 0.00194 0.00235 0.0167 0.00327 0.0153 0.00824 0.0143 0.00322 0.0103 0.0246 0.0199 0.0103 0.00694 0.0197 0.000364 0.00767 3.88 3.88 2457098.34 2459486.07
211081122 0.00894 0.00258 0.00182 0.00241 0.019 0.00538 0.0107 0.00715 0.00855 0.00501 0.00411 0.0109 0.0325 0.0565 0.0106 0.0167 0.000243 0.00472 1.24 1.23 2457098.34 2459486.07
210762863 0.0154 0.00243 0.00102 0.000579 0.0163 0.00183 0.00413 0.00128 0.00646 0.00129 0.00396 0.0094 0.012 0.00812 0.00707 0.00628 0.000146 0.00429 7.52 7.91 2457098.34 2459486.07
211066337 0.00853 0.00243 0.00148 0.000599 0.00842 0.00164 0.00101 0.000429 0.0117 0.00336 0.00122 0.0012 0.0197 0.00503 0.00196 0.00126 2.91e-05 0.000785 6.14 5.9 2457098.34 2459486.07
211092630 0.0304 0.00711 1.53e-17 0.00995 0.0384 0.0148 2.07e-17 0.0102 0.0153 0.00276 0.00612 0.0167 0.0215 0.0177 0.00482 0.0148 0.000278 0.00587 0.275 0.275 2457098.34 2459486.07
211112685 0.0474 0.0144 0.0173 0.00217 0.00232 0.000903 0.0261 0.00292 0.009 0.00276 0.0156 0.00367 0.0629 0.0183 0.0708 0.00356 7.12e-05 0.00132 28.6 20 2457098.34 2459486.07
211112686 0.0201 0.00445 0.00167 0.00477 0.0348 0.0121 0.00644 0.00826 0.0143 0.00307 0.0031 0.00763 0.109 0.0283 0.00792 0.011 0.000179 0.00402 0.765 0.764 2457098.34 2459486.07
211056297 0.0054 0.00141 0.00058 0.000438 0.00845 0.00209 0.0124 0.00286 0.00465 0.000612 0.00288 0.00554 0.0116 0.011 0.00488 0.00306 0.000116 0.00284 17.2 14.3 2457098.34 2459486.07
210996584 0.00745 0.00214 3.9e-18 0.00246 0.0243 0.0124 1.1e-17 0.0115 0.0118 0.0127 0.00568 0.0102 0.0242 0.0507 0.0112 0.0125 0.000195 0.00432 0.315 0.315 2457098.34 2459486.07
211065077 0.0132 0.00395 0.000998 0.00408 0.0236 0.0108 0.00533 0.00929 0.0117 0.0131 0.0118 0.0282 0.0272 0.0174 0.0305 0.0296 0.000366 0.00797 0.756 1.61 2457098.34 2459486.07
211092628 0.0217 0.00572 0.00133 0.00731 0.0303 0.0114 0.00368 0.00958 0.0085 0.00469 0.00525 0.0129 nan nan nan nan 0.000456 0.00524 0.633 0.985 2457098.34 2459486.07
211063935 0.00505 0.00133 0.00119 0.0024 0.0233 0.00567 0.0136 0.00775 0.00483 0.0017 0.00597 0.013 0.0201 0.0194 0.017 0.0197 0.000278 0.00513 1.78 1.85 2457098.34 2459486.07
211101564 0.0544 0.00427 0.00389 0.00181 0.056 0.00729 0.0148 0.0048 0.0124 0.00183 0.00231 0.00517 0.0128 0.0028 0.00197 0.0034 0.000106 0.0027 4.39 4.39 2457098.33 2459486.07
211071722 0.0116 0.00282 0.00322 0.00347 0.0186 0.00546 0.0154 0.00736 0.00511 0.00103 0.00329 0.00838 0.0143 0.00357 0.00753 0.0161 0.000229 0.00353 2.18 2.18 2457098.34 2459486.07
211098921 0.0263 0.00655 0.00391 0.00621 0.0279 0.0062 0.0102 0.00742 0.0139 0.00372 0.0105 0.0276 0.0203 0.0131 0.00946 0.0268 0.000381 0.00758 1.15 1.15 2457098.34 2459486.07
211086163 0.02 0.00427 0.00226 0.00643 0.0266 0.00906 0.00406 0.00775 0.00734 0.00198 0.0048 0.00915 0.074 0.0441 0.0459 0.0377 0.000345 0.0038 0.94 2.69 2457098.34 2459486.07
211028956 0.0241 0.0115 0.00672 0.00318 0.0268 0.00759 0.00716 0.00253 0.0124 0.00863 0.00385 0.0021 0.0181 0.0118 0.0047 0.00234 5.17e-05 0.00127 2.67 2.65 2457098.34 2459473.29
211084069 0.0168 0.00322 0.00401 0.00513 0.0157 0.00183 0.00399 0.00217 0.00934 0.00291 0.00445 0.0066 0.0307 0.0346 0.0715 0.0107 0.000167 0.00331 2.2 2.2 2457098.34 2459486.07
211090866 0.00964 0.00363 0.00291 0.00342 0.0123 0.00421 0.0129 0.00588 0.00221 0.0014 0.00229 0.00522 0.0432 0.02 0.031 0.0334 0.000259 0.00163 2.44 2.73 2457098.34 2459486.07
211086480 0.00736 0.00183 0.00188 0.00937 0.016 0.00982 1.76e-17 0.0101 0.00315 0.00355 0.00295 0.00786 nan nan nan nan 0.0005 0.00295 0.21 0.889 2457098.34 2459486.07
211073154 0.00932 0.00352 5.73e-18 0.0108 0.0224 0.0142 2.02e-17 0.0116 0.0244 0.0154 0.0409 0.102 nan nan nan nan 0.00076 0.0158 0.218 1.03 2457098.34 2459486.07
211086387 0.0112 0.00321 0.00072 0.0061 0.0156 0.00645 9.28e-18 0.00569 0.005 0.00324 0.00675 0.0179 nan nan nan nan 0.000353 0.00654 0.374 0.374 2457098.35 2459486.07
211059727 0.0111 0.00273 3.84e-18 0.00419 0.0349 0.0164 2.16e-17 0.0118 0.00917 0.00357 0.00507 0.0149 0.248 0.467 0.0521 0.0683 0.000275 0.00521 0.434 0.473 2457098.34 2459486.07
211103222 0.0252 0.00594 0.00348 0.00548 0.0353 0.00719 0.0104 0.00704 0.00601 0.00245 0.00435 0.0117 0.0102 0.00496 0.00405 0.0109 0.000235 0.00498 1.13 1.13 2457098.34 2459486.07
210982761 0.00759 0.00201 0.00344 0.00259 0.0217 0.00171 0.0435 0.0121 0.0189 0.0189 0.0168 0.0321 nan nan nan nan 0.000501 0.00858 26.1 12.8 2457098.34 2459486.07
211066346 0.0112 0.00317 4.94e-18 0.00733 0.0183 0.00716 1.27e-17 0.00808 0.00412 0.00434 0.0045 0.013 nan nan nan nan 0.000468 0.0049 0.468 0.468 2457098.33 2459486.07
211093117 0.0184 0.00451 0.00102 0.00487 0.0403 0.0123 0.00658 0.012 0.00919 0.00407 0.00809 0.0188 0.108 0.0523 0.0751 0.025 0.000359 0.00663 0.915 1 2457098.34 2459486.07
211033155 0.0304 0.0096 2.12e-17 0.00717 0.0361 0.00504 1.76e-17 0.00255 0.0235 0.00225 0.00163 0.0022 0.0296 0.0107 0.00264 0.00306 5.25e-05 0.00133 0.524 0.524 2457098.34 2459486.07
211064137 0.00724 0.00248 0.00194 0.00178 0.0175 0.00502 0.0115 0.00546 0.00992 0.00973 0.0063 0.0134 0.0129 0.00677 0.0051 0.0124 0.000237 0.00515 2.24 2.2 2457098.34 2459486.07
211072438 0.0105 0.00273 9.72e-18 0.00786 0.0178 0.00688 1.07e-17 0.00723 0.0346 0.0705 0.0228 0.0357 nan nan nan nan 0.000516 0.00942 0.391 2.21 2457098.34 2459486.07
211139797 0.00744 0.0023 0.00195 0.00201 0.0218 0.0082 0.0155 0.00637 0.00397 0.0013 0.00458 0.0117 0.00926 0.00595 0.00517 0.0102 0.000246 0.00497 2.69 2.69 2457098.34 2459486.07
211017469 0.0152 0.00519 0.00312 0.00313 0.021 0.00413 0.00799 0.00393 0.0154 0.00292 0.00452 0.00986 0.0166 0.00388 0.00344 0.00801 0.000174 0.00429 1.21 1.21 2457098.34 2459486.07
211067634 0.0123 0.00355 6.05e-18 0.00512 0.0234 0.0111 0.0011 0.00797 0.00613 0.0058 0.00715 0.01 0.0277 0.00937 0.0141 0.015 0.000227 0.00488 0.268 13.4 2457098.34 2459486.07
211131087 0.0156 0.0027 0.00113 0.00133 0.029 0.00624 0.027 0.00807 0.0203 0.00628 0.00602 0.00903 0.0304 0.0148 0.0133 0.0092 0.000201 0.00417 3.69 3.67 2457098.35 2459486.07
211117529 0.00856 0.00348 3.22e-18 0.00368 0.022 0.00864 1.64e-17 0.0072 0.00943 0.00265 0.00686 0.0196 0.00889 0.00299 0.00434 0.0147 0.00031 0.00682 0.463 0.462 2457098.34 2459486.07
211075014 0.0121 0.0031 0.00134 0.00804 0.0071 0.00205 0.000765 0.00285 0.00445 0.00283 0.00623 0.0178 nan nan nan nan 0.000358 0.00559 0.654 0.654 2457098.34 2459486.07
211003744 0.0151 0.00351 0.00261 0.00351 0.0614 0.0239 0.0211 0.0114 0.0169 0.00785 0.00638 0.0111 0.0251 0.00504 0.00629 0.0125 0.000249 0.00456 1.56 1.56 2457098.35 2459486.07
211039634 0.0122 0.0034 0.00118 0.0037 0.0263 0.00738 0.00434 0.00858 0.0153 0.0156 0.0077 0.0136 0.0818 0.158 0.0411 0.0227 0.000236 0.00509 1.03 2.32 2457098.34 2459486.07
211139723 0.0269 0.00708 0.00509 0.00446 0.0441 0.011 0.0229 0.00978 0.0121 0.00398 0.00441 0.00966 0.0159 0.0241 0.00588 0.00684 0.000187 0.00449 1.64 1.63 2457098.34 2459486.07
211027879 0.0128 0.00339 0.00034 0.00605 0.022 0.0093 0.0011 0.00878 0.00659 0.00289 0.0125 0.0353 nan nan nan nan 0.000682 0.0106 0.374 0.374 2457098.34 2459486.07
211007577 0.00578 0.00184 0.00166 0.00115 0.011 0.00267 0.0169 0.00525 0.0502 0.0833 0.0138 0.0167 0.155 0.257 0.0345 0.0185 0.000255 0.00568 6.83 5.42 2457098.33 2459486.07
211098279 0.0104 0.00225 0.00215 0.00273 0.0523 0.0238 0.0469 0.0178 0.00779 0.0058 0.00646 0.0164 0.0117 0.00888 0.0114 0.0138 0.000299 0.00636 1.59 1.58 2457098.34 2459486.07
210949721 0.0343 0.00788 0.0064 0.00557 0.0531 0.014 0.0244 0.0122 0.046 0.0804 0.0249 0.0221 0.133 0.209 0.0721 0.0384 0.000341 0.00672 1.67 2.36 2457098.34 2459486.07
211149600 0.0461 0.0149 1.31e-17 0.0121 0.0561 0.00886 1.28e-17 0.00533 0.0369 0.00584 0.00185 0.00199 0.0389 0.00617 0.000701 0.00183 4.73e-05 0.00129 0.314 0.314 2457098.33 2459486.07
211015258 0.00382 0.00109 0.000853 0.00192 0.0512 0.0227 0.0104 0.0152 0.00525 0.00412 0.00323 0.00735 0.0156 0.00312 0.00559 0.0153 0.00027 0.00286 0.889 0.89 2457098.34 2459486.07
211022539 0.00546 0.00147 0.000552 0.000167 0.00832 0.00185 0.00852 0.00204 0.00629 0.00115 0.00144 0.00256 0.00707 0.00145 0.00131 0.00156 5.74e-05 0.00162 8.47 8.13 2457098.34 2459486.07
211059775 0.0111 0.00245 0.000534 0.0048 0.0319 0.0169 0.00432 0.0115 0.0109 0.00396 0.014 0.0388 nan nan nan nan 0.000567 0.009 0.461 0.461 2457098.34 2459486.07
210963935 0.0178 0.00535 0.00274 0.00199 0.0244 0.00464 0.021 0.00656 0.0089 0.00276 0.00286 0.00552 0.033 0.0503 0.00942 0.00558 0.000129 0.00287 3.42 3.96 2457098.34 2459486.07
211060049 0.0409 0.00404 0.00207 0.00144 0.0521 0.0123 0.0582 0.0216 0.02 0.00639 0.0052 0.00849 0.0156 0.00311 0.00417 0.00567 0.000154 0.00361 4.59 4.63 2457098.34 2459486.07
210945519 0.0106 0.00501 0.00176 0.000774 0.0127 0.00348 0.00863 0.00297 0.00724 0.00127 0.00195 0.00315 0.0123 0.00436 0.00311 0.00252 7.48e-05 0.00182 6.4 6.33 2457098.34 2459486.07
211020371 0.00688 0.00174 0.000502 0.00209 0.0631 0.0284 0.0119 0.0157 0.0103 0.0131 0.00615 0.0109 0.0468 0.105 0.0211 0.0205 0.000234 0.00454 0.87 0.868 2457098.34 2459486.07
211106636 0.0212 0.00485 0.00909 0.00285 0.0228 0.00333 0.0321 0.0106 0.00998 0.00735 0.00772 0.00736 0.0975 0.0459 0.115 0.0249 0.000312 0.00342 28.6 18.8 2457098.34 2459486.07
211106535 0.0213 0.00507 0.00902 0.00308 0.0241 0.00552 0.0412 0.00994 0.00578 0.00304 0.00675 0.00674 0.121 0.049 0.172 0.0306 0.000324 0.00315 28.6 18.8 2457098.34 2459486.07
210907442 0.0151 0.00485 0.0046 0.00327 0.029 0.00855 0.0137 0.00641 0.0221 0.0337 0.0074 0.00889 0.0613 0.0893 0.0441 0.0255 0.000283 0.00445 1.82 2.84 2457098.34 2459486.07
211140155 0.0134 0.00361 0.00174 0.00512 0.0292 0.00893 0.0123 0.00737 0.0482 0.0785 0.015 0.0179 0.0396 0.0712 0.0265 0.0199 0.000332 0.00655 1.23 2.38 2457098.34 2459486.07
210969937 0.0212 0.0041 0.00488 0.00372 0.0333 0.00827 0.013 0.00626 0.00837 0.00212 0.00526 0.013 0.0533 0.0723 0.0308 0.0205 0.00022 0.0054 1.76 1.78 2457098.34 2459486.07
210971348 0.0106 0.00247 0.00153 0.00345 0.0544 0.0202 0.0138 0.0139 0.00808 0.0128 0.00615 0.00934 0.112 0.268 0.063 0.0416 0.000355 0.00389 1.11 1.18 2457098.34 2459473.29
211090925 0.0195 0.00262 0.00145 0.00123 0.035 0.0095 0.0563 0.0154 0.00771 0.00379 0.00736 0.0155 0.0525 0.0803 0.0168 0.0125 0.000243 0.00561 8.59 7.25 2457098.34 2459486.07
211177579 0.00647 0.0022 0.00117 0.000516 0.00722 0.00245 0.00164 0.000404 0.00573 0.00107 0.0007 0.00134 0.00616 0.00117 0.000545 0.000736 3.12e-05 0.000903 3.29 3.44 2457098.34 2459473.29
210964780 0.0136 0.0027 0.00072 0.000321 0.0141 0.00267 0.00393 0.000879 0.0132 0.00536 0.00252 0.00204 0.0133 0.00453 0.00233 0.0016 4.5e-05 0.00126 6.33 6.33 2457098.35 2459486.07
211153286 0.025 0.00452 0.00124 0.000603 0.0284 0.00796 0.0224 0.00494 0.00909 0.00234 0.00145 0.00244 0.013 0.00477 0.00298 0.00196 6.51e-05 0.00158 7.71 7.61 2457098.33 2459486.07
211100931 0.018 0.00433 0.000271 0.000297 0.02 0.00374 0.0159 0.0051 0.00944 0.00446 0.00287 0.00338 0.0146 0.00969 0.0063 0.0039 7.05e-05 0.00165 8.84 9.11 2457098.34 2459486.07
211139534 0.014 0.00316 0.00168 0.00355 0.0315 0.00937 0.0162 0.0108 0.0116 0.0039 0.00838 0.0234 0.0132 0.00551 0.00555 0.0165 0.000341 0.00757 1.18 1.18 2457098.34 2459486.07
211142685 0.0149 0.00397 0.00373 0.0029 0.0451 0.0192 0.0436 0.0159 0.0106 0.00362 0.00675 0.0152 0.0273 0.0522 0.0134 0.0143 0.000316 0.00581 2.46 2.47 2457098.34 2459486.07
211099297 0.0378 0.00582 0.00136 0.000491 0.0388 0.00563 0.0104 0.0028 0.0216 0.00484 0.00245 0.0026 0.0316 0.0173 0.00412 0.002 6.01e-05 0.00168 7.25 6.99 2457098.34 2459486.07
211081949 0.0255 0.0056 0.00583 0.00369 0.0447 0.0136 0.0241 0.0102 0.0337 0.0389 0.00785 0.00849 0.0478 0.0597 0.0208 0.0104 0.000156 0.00383 2.11 2.08 2457098.34 2459486.07
211000740 0.02 0.00429 0.00234 0.00486 0.0475 0.0201 0.0112 0.0111 0.0183 0.00291 0.00637 0.0175 0.0196 0.00345 0.00567 0.0142 0.000278 0.00615 0.96 0.958 2457098.34 2459486.07
211140995 0.0137 0.00751 0.0121 0.00337 0.021 0.00596 0.0475 0.0124 0.00857 0.00822 0.00854 0.0103 0.0774 0.0835 0.0489 0.021 0.000296 0.00541 22.2 13.7 2457098.34 2459486.07
211129321 0.0108 0.00296 0.000943 0.0031 0.0386 0.0145 0.00372 0.0125 0.00673 0.00137 0.00545 0.014 0.00818 0.0028 0.00465 0.0125 0.000289 0.00594 0.778 0.778 2457098.34 2459499.31
211009416 0.0295 0.0105 8.84e-18 0.00724 0.0374 0.00917 9.71e-18 0.00533 0.0143 0.00165 0.00167 0.00365 0.0154 0.00234 0.000857 0.00265 7.72e-05 0.0022 0.442 0.443 2457098.31 2459486.07
210932705 0.0274 0.00156 0.00187 0.00161 0.0289 0.00313 0.00916 0.00323 0.0293 0.0224 0.0125 0.0195 0.0324 0.0367 0.0107 0.0156 0.000283 0.00705 4.04 3.48 2457098.34 2459473.29
211029446 0.0169 0.00449 4.84e-18 0.00552 0.0452 0.0221 1.73e-17 0.0166 0.0113 0.00233 0.00902 0.0253 0.0136 0.00621 0.00525 0.0204 0.00041 0.00841 0.412 0.412 2457098.34 2459499.31
210949562 0.00788 0.00216 4.73e-18 0.0043 0.013 0.00603 6.08e-18 0.00708 0.00791 0.00532 0.0153 0.0479 nan nan nan nan 0.000719 0.0114 0.242 0.242 2457098.34 2459499.31
210940618 0.0155 0.00397 0.00287 0.00289 0.0269 0.00832 0.0152 0.00794 0.0171 0.00125 0.00274 0.00786 0.0175 0.002 0.00237 0.00516 0.000144 0.00349 1.41 1.41 2457098.34 2459512.32
